# RELEASE GROUPS    STARTING LENGTH    NUMBER INTERVALS    INTERVAL LENGTH 
75            10            95            2
#
#
# TAG RECOVERIES
#    1 2 3 4 5 6 7 8 9 10 11 12 13 14 15 16 17 18 19 20 21 22 23 24 25 26 27 28 29 30 31 32 33 34 35 36 37 38 39 40 41 42 43 44 45 46 47 48 49 50 51 52 53 54 55 56 57 58 59 60 61 62 63 64 65 66 67 68 69 70 71 72 73 74 75
6 14 19 9 24 3 26 19 51 36 23 38 38 4 20 7 21 63 48 40 30 110 28 95 127 168 28 7 207 132 23 165 30 126 15 23 50 31 0 26 12 148 0 195 22 3 12 5 2 7 7 9 5 0 3 0 2 11 5 0 0 0 2 0 0 0 0 0 0 22 0 0 5 2 1
#
#
#---------------------------------
#  1 - RELEASE REGION    YEAR    MONTH   Tag_program  RTTP
1 1989 11
0 0 0 0 0 0 0 0 0.799003956061773 0 0 0.799003956061773 3.99501978030886 3.19601582424709 4.79402373637064 2.39701186818532 0 0 5.59302769243241 1.59800791212355 0 0 0 0 0 0 0 0 0 0 0 0 0 0 0 0 0 0 0 0 0 0 0 0 0 0 0 0 0 0 0 0 0 0 0 0 0 0 0 0 0 0 0 0 0 0 0 0 0 0 0 0 0 0 0 0 0 0 0 0 0 0 0 0 0 0 0 0 0 0 0 0 0 0 0

#
#
# LENGTH RELEASE    FISHERY    RECAP YEAR    RECAP MONTH    NUMBER
36 25 1990 2 1
36 25 1990 5 1
38 25 1990 2 3
38 25 1991 11 1
46 25 1990 2 1
48 7 1992 2 1
#
#
#---------------------------------
#  2 - RELEASE REGION    YEAR    MONTH   Tag_program  RTTP
1 1990 2
0 0 0 0 0 0 0 0 0 0 0 2.47090673955522 3.70636010933284 1.85318005466642 4.94181347911045 8.03044690355448 8.64817358844328 14.2077137524425 23.4736140257746 91.4235493635433 77.2158356111007 11.1190803279985 2.47090673955522 0.617726684888806 1.23545336977761 0 0 0 0 0.617726684888806 6.17726684888806 2.47090673955522 3.70636010933284 1.23545336977761 0 0 0 0 0 0 0 0 0 0 0 0 0 0 0 0 0 0 0 0 0 0 0 0 0 0 0 0 0 0 0 0 0 0 0 0 0 0 0 0 0 0 0 0 0 0 0 0 0 0 0 0 0 0 0 0 0 0 0 0 0

#
#
# LENGTH RELEASE    FISHERY    RECAP YEAR    RECAP MONTH    NUMBER
46 25 1990 11 1
48 17 1990 8 1
48 25 1990 5 3
48 25 1990 8 6
48 25 1990 11 4
48 25 1991 5 2
50 25 1990 5 1
50 25 1990 8 2
50 25 1990 11 1
50 27 1990 5 1
70 25 1990 8 2
70 25 1990 11 1
70 25 1991 2 2
72 25 1990 5 2
#
#
#---------------------------------
#  3 - RELEASE REGION    YEAR    MONTH   Tag_program  RTTP
1 1990 5
0 0 0 0 0 0 0 0 0 0 0 0 2.77116841680411 6.23512893780925 2.77116841680411 6.92792104201028 4.84954472940719 6.23512893780925 2.77116841680411 7.62071314621131 8.31350525041233 13.8558420840206 42.9531104604637 45.7242788772678 33.2540210016493 7.62071314621131 0.692792104201028 0 1.38558420840206 0 0 0.692792104201028 0 0 0 0 0 0 0 0 0 0 0 0 0 0 0 0 0 0 0 0 0 0 0 0 0 0 0 0 0 0 0 0 0 0 0 0 0 0 0 0 0 0 0 0 0 0 0 0 0 0 0 0 0 0 0 0 0 0 0 0 0 0 0

#
#
# LENGTH RELEASE    FISHERY    RECAP YEAR    RECAP MONTH    NUMBER
44 25 1991 5 1
46 25 1990 5 1
48 25 1990 5 3
52 25 1990 5 1
52 25 1991 2 1
54 25 1990 5 8
54 25 1990 8 1
54 25 1990 11 1
54 25 1991 8 1
56 25 1990 5 10
56 25 1990 8 1
56 25 1991 2 1
56 25 1991 8 1
58 25 1990 5 1
58 25 1990 8 1
58 25 1990 11 3
58 25 1991 8 1
60 25 1990 5 1
60 25 1990 8 1
#
#
#---------------------------------
#  4 - RELEASE REGION    YEAR    MONTH   Tag_program  RTTP
1 1990 8
0 0 0 0 0 0 0 0 0 2.14025284547536 4.99392330610918 2.14025284547536 12.1280994576937 12.1280994576937 15.695187533486 19.2622756092783 9.98784661221836 8.56101138190145 2.14025284547536 4.99392330610918 2.14025284547536 2.14025284547536 0 0.713417615158454 0.713417615158454 0.713417615158454 0.713417615158454 0 0 0 0 0 0 0 0 0 0 0 0 0 0 0 0 0 0 0 0 0 0 0 0 0 0 0 0 0 0 0 0 0 0 0 0 0 0 0 0 0 0 0 0 0 0 0 0 0 0 0 0 0 0 0 0 0 0 0 0 0 0 0 0 0 0 0 0

#
#
# LENGTH RELEASE    FISHERY    RECAP YEAR    RECAP MONTH    NUMBER
34 19 1991 11 1
38 25 1990 11 1
38 25 1991 5 1
40 16 1991 5 1
40 25 1991 8 1
42 25 1991 2 1
44 4 1991 8 1
48 19 1991 2 1
50 19 1990 11 1
#
#
#---------------------------------
#  5 - RELEASE REGION    YEAR    MONTH   Tag_program  RTTP
1 1991 2
0 0 0 0 0 0 0 0.371168282910922 0.742336565821845 1.11350484873277 1.48467313164369 4.45401939493107 4.45401939493107 2.96934626328738 5.93869252657476 3.71168282910922 2.22700969746553 0.371168282910922 0 7.42336565821845 3.71168282910922 0.742336565821845 5.56752424366384 5.93869252657476 9.27920707277306 7.42336565821845 6.6810290923966 2.22700969746553 3.3405145461983 9.65037535568398 14.1043947506151 8.16570222404029 2.59817798037646 0.371168282910922 0.742336565821845 0 0 0 0 0 0 0 0 0 0 0 0 0 0 0 0 0 0 0 0 0 0 0 0 0 0 0 0 0 0 0 0 0 0 0 0 0 0 0 0 0 0 0 0 0 0 0 0 0 0 0 0 0 0 0 0 0 0 0 0

#
#
# LENGTH RELEASE    FISHERY    RECAP YEAR    RECAP MONTH    NUMBER
30 16 1991 2 1
32 16 1991 2 1
32 16 1991 5 1
32 16 1991 11 1
32 25 1992 2 1
38 16 1991 2 1
38 16 1991 5 2
42 14 1991 2 1
50 25 1991 2 1
50 25 1991 5 1
54 25 1991 2 2
58 6 2000 5 1
58 19 1992 2 1
58 25 1991 2 1
58 25 1991 8 1
60 25 1991 2 1
60 25 1991 5 2
60 25 1991 11 1
66 25 1991 11 1
68 25 1991 2 5
68 25 1991 11 2
70 25 1991 2 3
70 27 1991 11 1
72 25 1991 2 1
#
#
#---------------------------------
#  6 - RELEASE REGION    YEAR    MONTH   Tag_program  RTTP
1 1991 5
0 0 0 0 0 0 0 0 0.782225740508399 0 0 2.3466772215252 1 0.782225740508399 2.3466772215252 2.3466772215252 1.5644514810168 1.5644514810168 0 0 0 0 0 0 0 0 0 0 0 0 0 0 0 0 0 0 0 0 0 0 0 0 0 0 0 0 0 0 0 0 0 0 0 0 0 0 0 0 0 0 0 0 0 0 0 0 0 0 0 0 0 0 0 0 0 0 0 0 0 0 0 0 0 0 0 0 0 0 0 0 0 0 0 0 0

#
#
# LENGTH RELEASE    FISHERY    RECAP YEAR    RECAP MONTH    NUMBER
34 25 1992 5 1
38 19 1991 5 1
42 22 1992 8 1
#
#
#---------------------------------
#  7 - RELEASE REGION    YEAR    MONTH   Tag_program  RTTP
1 1991 8
0 0 0 0 0 0 0 0.833570291939103 0.833570291939103 0.833570291939103 20.0056870065385 25.0071087581731 8.33570291939103 10.0028435032692 11.6699840871474 5.00142175163462 5.83499204357372 4.16785145969552 2.50071087581731 4.16785145969552 5.00142175163462 8.33570291939103 15.837835546843 32.509241385625 17.5049761307212 24.173538466234 10.0028435032692 8.33570291939103 2.50071087581731 3.33428116775641 3.33428116775641 0 0.833570291939103 0 0 0 0 0 0 0 0 0 0 0 0 0 0 0 0 0 0 0 0 0 0 0 0 0 0 0 0 0 0 0 0 0 0 0 0 0 0 0 0 0 0 0 0 0 0 0 0 0 0 0 0 0 0 0 0 0 0 0 0 0 0

#
#
# LENGTH RELEASE    FISHERY    RECAP YEAR    RECAP MONTH    NUMBER
30 25 1991 8 3
30 26 1992 5 0
32 25 1991 8 1
36 25 1991 8 1
38 10 1994 2 1
38 25 1993 5 1
40 25 1992 2 1
42 25 1991 11 1
42 25 1992 2 1
48 25 1992 5 1
50 25 1991 8 2
50 25 1991 11 1
52 25 1991 8 2
54 25 1991 8 6
54 25 1992 8 2
56 25 1991 8 20
56 25 1992 5 2
58 25 1991 8 5
58 25 1991 11 2
60 25 1991 8 10
60 25 1992 5 2
62 25 1991 8 4
64 25 1991 8 8
66 25 1992 8 1
68 25 1991 8 3
70 25 1991 11 1
#
#
#---------------------------------
#  8 - RELEASE REGION    YEAR    MONTH   Tag_program  RTTP
1 1992 2
0 0 0 0 0 0 0 0 0 0 0 0.694011896361626 0 0.694011896361626 0 1.38802379272325 0 4.16407137816975 9.02215465270113 21.5143687872104 50.6628684343987 38.864666196251 22.9023925799337 13.8802379272325 1.38802379272325 2.08203568908488 1.38802379272325 0.694011896361626 0 0.694011896361626 0.694011896361626 0.694011896361626 0 0 0 0.694011896361626 0 0 0 0 0 0 0 0 0 0 0 0 0 0 0 0 0 0 0 0 0 0 0 0 0 0 0 0 0 0 0 0 0 0 0 0 0 0 0 0 0 0 0 0 0 0 0 0 0 0 0 0 0 0 0 0 0 0 0

#
#
# LENGTH RELEASE    FISHERY    RECAP YEAR    RECAP MONTH    NUMBER
46 25 1993 8 1
48 7 1994 8 1
48 25 1992 11 1
48 25 1993 8 1
48 27 1993 5 1
50 25 1992 5 1
50 25 1992 8 3
50 25 1992 11 2
50 25 1993 2 2
50 27 1993 2 1
50 27 1993 5 1
52 25 1992 8 3
52 25 1992 11 1
52 25 1993 2 1
52 25 1993 5 1
52 25 1993 8 1
54 2 1993 11 1
54 8 1997 5 1
54 25 1992 5 2
#
#
#---------------------------------
#  9 - RELEASE REGION    YEAR    MONTH   Tag_program  RTTP
1 1992 5
0 0 0 0 0 2.76937748831828 0.692344372079569 1.38468874415914 0.692344372079569 0.692344372079569 0 0 0 0 0 2.07703311623871 4.15406623247741 20.0779867903075 24.9243973948645 45.002384185172 141.930596276312 197.318146042677 135.007152555516 82.3889802774687 52.6181722780472 32.5401854877397 14.5392318136709 14.5392318136709 5.53875497663655 4.15406623247741 1.38468874415914 3.46172186039784 2.07703311623871 7.61578809287526 2.76937748831828 0 0 0 2 0 0.692344372079569 2.07703311623871 2.07703311623871 1.38468874415914 0 2.76937748831828 3.46172186039784 1.38468874415914 0 0 0 0.692344372079569 0 0 0 0 0 0 0 0 0 0 0 0 0 0 0 0 0 0 0 0 0 0 0 0 0 0 0 0 0 0 0 0 0 0 0 0 0 0 0 0 0 0 0

#
#
# LENGTH RELEASE    FISHERY    RECAP YEAR    RECAP MONTH    NUMBER
42 25 1993 2 1
44 25 1993 5 1
44 27 1992 5 1
44 27 1992 8 2
46 25 1992 5 2
46 25 1993 2 2
46 25 1993 11 2
48 25 1992 5 1
48 25 1992 11 1
48 25 1993 2 1
48 25 1993 5 1
50 25 1992 5 3
50 25 1992 8 2
50 25 1992 11 1
50 25 1993 2 8
50 25 1993 5 1
50 25 1993 8 1
50 27 1992 11 1
52 4 1994 2 2
52 25 1992 5 3
52 25 1992 8 8
52 25 1992 11 2
52 25 1993 2 1
52 25 1993 5 3
52 25 1993 8 3
52 27 1992 8 1
52 27 1993 8 1
54 25 1992 5 1
54 25 1992 8 7
54 25 1992 11 3
54 25 1993 2 2
54 25 1993 5 2
54 25 1993 8 1
54 28 1993 5 0
56 7 1994 2 1
56 25 1992 8 3
56 25 1992 11 1
56 25 1993 8 1
56 27 1992 8 1
58 3 1994 11 0
58 8 1997 11 1
58 25 1992 5 3
58 25 1992 8 1
58 25 1992 11 2
58 25 1993 2 1
60 25 1992 8 2
64 8 1997 8 1
86 25 1992 5 2
94 8 1995 11 1
100 7 2001 2 1
104 7 1994 5 1
#
#
#---------------------------------
#  10 - RELEASE REGION    YEAR    MONTH   Tag_program  RTTP
1 1992 8
0 0 0 0 0 0.796506050080167 2.3895181502405 21.5056633521645 101.952774410261 317.805913981987 188.771933869 76.4645808076961 51.7728932552109 16.7266270516835 6.37204840064134 1.59301210016033 0 1.59301210016033 1.59301210016033 0 1.59301210016033 0 2.3895181502405 9.55807260096201 7.1685544507215 1 0.796506050080167 0 0.796506050080167 0 0 0 0 0 0 0 0 0 0 0 0 0 0 0 0 0 0 0 0 0 0 0 0 0 0 0 0 0 0 0 0 0 0 0 0 0 0 0 0 0 0 0 0 0 0 0 0 0 0 0 0 0 0 0 0 0 0 0 0 0 0 0 0 0 0

#
#
# LENGTH RELEASE    FISHERY    RECAP YEAR    RECAP MONTH    NUMBER
24 19 1992 8 3
24 19 1992 11 1
24 22 1992 8 1
24 22 1992 11 1
26 19 1992 8 10
26 22 1992 8 3
26 22 1992 11 1
28 19 1992 8 107
28 19 1992 11 3
28 19 1993 2 1
28 22 1992 8 2
28 22 1992 11 1
30 15 1992 8 1
30 19 1992 8 58
30 19 1992 11 9
30 19 1993 2 1
30 22 1992 8 4
30 22 1992 11 1
32 19 1992 8 10
32 19 1992 11 1
32 22 1992 8 3
32 22 1992 11 3
32 22 1993 5 1
34 19 1992 8 10
34 19 1992 11 1
34 22 1992 8 4
34 22 1992 11 2
36 19 1992 8 3
36 19 1992 11 1
36 19 1993 2 1
36 22 1992 8 1
38 16 1992 8 1
44 19 1992 8 1
56 25 1992 11 1
58 25 1993 2 1
60 25 1993 2 1
#
#
#---------------------------------
#  11 - RELEASE REGION    YEAR    MONTH   Tag_program  RTTP
1 1992 11
0 0 0 0 0 1.56340470458274 1.56340470458274 1.56340470458274 8.59872587520509 26.5778799779066 11.7255352843706 17.9791541027015 22.6693682164498 57.8459740695615 57.0642717172701 25.0144752733239 7.03532117062234 1.56340470458274 4.69021411374823 2.34510705687411 0 1.56340470458274 0.781702352291372 0 0 0 0 0 0 0 0 0 0 0 0 0 0 0 0 0 0 0 0 0 0 0 0 0 0 0 0 0 0 0 0 0 0 0 0 0 0 0 0 0 0 0 0 0 0 0 0 0 0 0 0 0 0 0 0 0 0 0 0 0 0 0 0 0 0 0 0 0 0 0 0

#
#
# LENGTH RELEASE    FISHERY    RECAP YEAR    RECAP MONTH    NUMBER
26 19 1992 11 2
26 19 1993 2 2
28 19 1992 11 7
28 19 1993 2 1
30 19 1992 11 4
30 19 1993 5 1
32 19 1992 11 9
34 19 1992 11 6
36 15 1992 11 1
36 19 1992 11 23
36 19 1993 2 2
36 22 1993 5 1
38 19 1992 11 24
38 19 1993 2 1
40 15 1992 11 1
40 19 1992 11 7
40 19 1993 2 1
40 22 1992 11 1
42 15 1992 11 1
42 19 1992 11 3
46 19 1992 11 2
46 22 1992 11 1
48 19 1992 11 1
#
#
#---------------------------------
#  12 - RELEASE REGION    YEAR    MONTH   Tag_program  PTTP
1 2006 8
0 0 0 0 0 0 0 0 0 0 0 0.663928289168226 0.663928289168226 1 2.6557131566729 0 5.97535460251404 7.30321118085049 17.2621355183739 9.29499604835517 4.64749802417758 1.32785657833645 3.31964144584113 1.99178486750468 19.2539203858786 61.0814026034768 51.1224782659534 9.95892433752339 1.99178486750468 0.663928289168226 1 1 0 0 0 0 0 0.663928289168226 0.663928289168226 0.663928289168226 0 0 0 0 0 0 0 0 0 0 0 0 0 0 0 0 0 0 0 0 0 0 0 0 0 0 0 0 0 0 0 0 0 0 0 0 0 0 0 0 0 0 0 0 0 0 0 0 0 0 0 0 0 0 0

#
#
# LENGTH RELEASE    FISHERY    RECAP YEAR    RECAP MONTH    NUMBER
36 25 2006 11 1
38 25 2006 11 1
42 25 2006 11 3
44 25 2006 8 2
44 25 2006 11 2
44 25 2007 2 1
46 25 2006 8 3
46 25 2006 11 4
46 25 2007 2 1
48 25 2006 11 2
48 25 2007 5 1
50 25 2006 8 2
50 25 2006 11 2
54 13 2006 11 1
54 25 2006 8 1
54 25 2007 5 1
58 25 2006 8 1
58 25 2006 11 12
58 25 2007 5 2
58 25 2007 8 2
60 13 2007 5 1
60 25 2006 8 8
60 25 2006 11 29
60 25 2007 2 2
60 25 2007 5 2
60 25 2007 8 3
62 25 2006 8 7
62 25 2006 11 28
62 25 2007 5 6
62 25 2007 8 5
62 27 2007 8 1
64 13 2007 5 1
64 25 2006 8 1
64 25 2006 11 1
64 25 2007 5 2
66 27 2007 5 1
70 25 2006 8 1
72 25 2006 11 1
#
#
#---------------------------------
#  13 - RELEASE REGION    YEAR    MONTH   Tag_program  PTTP
1 2006 11
0 0 0 0 0 0 0 0 0 0 1.1341900919528 1.7012851379292 0.567095045976401 0 3.40257027585841 2.2683801839056 7.93933064366961 11.341900919528 7.93933064366961 14.17737614941 14.17737614941 6.23804550574041 5.67095045976401 0 1.1341900919528 9.64061578159882 18.1470414712448 23.2508968850324 9.07352073562241 5.67095045976401 0 2 0 0 0 0 0 0 0 0 0 0 0 0 0 0 0 0 0 0 0 0 0 0 0 0 0 0 0 0 0 0 0 0 0 0 0 0 0 0 0 0 0 0 0 0 0 0 0 0 0 0 0 0 0 0 0 0 0 0 0 0 0 0 0

#
#
# LENGTH RELEASE    FISHERY    RECAP YEAR    RECAP MONTH    NUMBER
40 25 2007 8 1
42 25 2006 11 1
44 25 2006 11 2
44 25 2007 2 1
48 25 2006 11 3
48 25 2007 8 3
48 27 2007 8 1
50 25 2006 11 5
50 25 2007 2 2
50 25 2007 5 1
50 25 2007 8 2
52 25 2006 11 1
52 25 2007 5 2
52 25 2007 8 1
52 27 2007 8 1
54 25 2006 11 1
54 25 2007 5 1
54 25 2007 8 1
60 25 2006 11 1
60 25 2007 2 1
60 25 2007 5 1
62 25 2006 11 3
62 25 2007 2 3
62 25 2007 5 4
62 25 2007 8 1
62 25 2007 11 1
64 25 2006 11 3
64 25 2007 2 1
64 25 2007 5 5
64 25 2007 8 2
64 27 2007 8 2
66 25 2006 11 3
66 25 2007 2 2
66 25 2009 8 1
68 25 2006 11 1
68 25 2007 5 3
72 25 2007 5 1
72 27 2007 8 1
#
#
#---------------------------------
#  14 - RELEASE REGION    YEAR    MONTH   Tag_program  PTTP
1 2007 2
0 0 0 0 0 0 0 0 0 0 0 0.676471653816976 0.676471653816976 0.676471653816976 1.01470748072546 1.35294330763395 2.02941496145093 2.70588661526791 1.01470748072546 0.338235826908488 1.01470748072546 0.676471653816976 1.01470748072546 0.676471653816976 1.01470748072546 1.69117913454244 0.676471653816976 0.676471653816976 0.338235826908488 1.35294330763395 2.02941496145093 0 0.338235826908488 0 0 0 0 0 0 0 0 0 0 0 0 0 0 0 0 0 0 0 0 0 0 0 0 0 0 0 0 0 0 0 0 0 0 0 0 0 0 0 0 0 0 0 0 0 0 0 0 0 0 0 0 0 0 0 0 0 0 0 0 0 0

#
#
# LENGTH RELEASE    FISHERY    RECAP YEAR    RECAP MONTH    NUMBER
38 25 2007 8 1
44 25 2007 5 1
44 25 2007 8 1
70 25 2011 11 1
#
#
#---------------------------------
#  15 - RELEASE REGION    YEAR    MONTH   Tag_program  PTTP
1 2007 5
0 0 0 0 0 0 0 0 0 0 2.57013634564979 3.85520451847469 4.49773860488713 4.49773860488713 4.49773860488713 4.49773860488713 1.28506817282489 3.85520451847469 3.21267043206224 2.57013634564979 0.642534086412447 1.92760225923734 1.28506817282489 0.642534086412447 0 0 0 0.642534086412447 0 0 0 0 0.642534086412447 0 0 0 0 0 0 0 0 0 0 0 0 0 0 0 0 0 0 0 0 0 0 0 0 0 0 0 0 0 0 0 0 0 0 0 0 0 0 0 0 0 0 0 0 0 0 0 0 0 0 0 0 0 0 0 0 0 0 0 0 0 0

#
#
# LENGTH RELEASE    FISHERY    RECAP YEAR    RECAP MONTH    NUMBER
30 12 2007 5 1
42 25 2007 8 1
48 12 2007 5 1
50 12 2007 5 4
52 12 2007 5 3
54 1 2010 2 1
54 12 2007 5 5
56 12 2007 5 7
58 12 2007 5 2
60 12 2007 5 1
70 12 2007 5 3
72 1 2008 5 1
72 12 2007 5 4
72 12 2007 8 1
74 12 2007 5 2
74 12 2007 8 1
76 12 2007 5 1
78 12 2007 5 1
80 12 2007 5 1
104 12 2007 5 1
#
#
#---------------------------------
#  16 - RELEASE REGION    YEAR    MONTH   Tag_program  PTTP
1 2007 11
0 0 0 0 0 0 0 0 0 0 0.482397134120543 5.0651699082657 3.61797850590407 6.99475844474787 11.0951340847725 3.3767799388438 0.241198567060271 0.964794268241086 1 0.241198567060271 0.241198567060271 0 0 0.241198567060271 0 0 0 0 0 0 0 0 0 0 0 0 0 0 0 0 0 0 0 0 0 0 0 0 0 0 0 0 0 0 0 0 0 0 0 0 0 0 0 0 0 0 0 0 0 0 0 0 0 0 0 0 0 0 0 0 0 0 0 0 0 0 0 0 0 0 0 0 0 0 0

#
#
# LENGTH RELEASE    FISHERY    RECAP YEAR    RECAP MONTH    NUMBER
36 25 2007 11 1
36 25 2008 5 1
36 25 2008 8 1
38 26 2008 8 1
40 25 2007 11 1
40 25 2008 5 1
46 25 2008 2 1
#
#
#---------------------------------
#  17 - RELEASE REGION    YEAR    MONTH   Tag_program  PTTP
1 2008 2
0 0 0 0 0 0 0 0 0.399016690220615 2.79311683154431 33.1183852883111 23.5419847230163 37.1085521905172 22.7439513425751 22.7439513425751 10.374433945736 1.19705007066185 1 1 0.399016690220615 0 0 0.399016690220615 0.399016690220615 0 0.399016690220615 0 0.399016690220615 0 0 0 0 0 0 0 0 0 0 0 0 0 0 0 0 0 0 0 0 0 0 0 0 0 0 0 0 0 0 0 0 0 0 0 0 0 0 0 0 0 0 0 0 0 0 0 0 0 0 0 0 0 0 0 0 0 0 0 0 0 0 0 0 0 0 0

#
#
# LENGTH RELEASE    FISHERY    RECAP YEAR    RECAP MONTH    NUMBER
30 25 2008 2 1
30 25 2008 5 3
32 25 2008 2 2
32 25 2008 5 1
32 25 2009 5 1
34 25 2008 2 1
34 25 2008 5 4
34 25 2008 8 2
34 25 2008 11 1
34 26 2008 8 1
36 25 2008 2 4
36 25 2008 5 1
38 25 2008 2 3
38 25 2008 5 1
38 25 2008 8 1
38 25 2008 11 1
38 25 2009 11 1
40 25 2008 8 1
40 25 2008 11 1
44 25 2008 8 1
46 25 2008 5 1
#
#
#---------------------------------
#  18 - RELEASE REGION    YEAR    MONTH   Tag_program  PTTP
1 2008 5
0 0 0 0 0 0 0 0 0 0.106667336942836 3.30668744522793 2.98668543439942 1.92001206497106 1.81334472802822 1.1733407063712 2.24001407579956 0.746671358599855 1 3 4.48002815159913 7.68004825988422 12.2667437484262 16.960106573911 16.5334372261396 21.2268000516244 25.7068282032236 25.7068282032236 19.3067879866534 10.8800683681693 10.8800683681693 7.36004624905571 6.61337489045586 6.72004222739869 2.24001407579956 2 2.13334673885673 2 1.70667739108538 1 0.106667336942836 0.213334673885673 0.106667336942836 0.106667336942836 0 0.106667336942836 0 0 0 1 0 0.106667336942836 0.106667336942836 0.213334673885673 0 0 0 0 0 0 0 0 0 0 0 0 0 0 0 0 0 0 0 0 0 0 0 0 0 0 0 0 0 0 0 0 0 0 0 0 0 0 0 0 0 0

#
#
# LENGTH RELEASE    FISHERY    RECAP YEAR    RECAP MONTH    NUMBER
32 25 2008 5 2
34 25 2008 5 1
36 25 2008 5 1
44 26 2009 11 1
46 8 2009 5 1
46 13 2008 8 1
46 26 2008 8 2
48 1 2009 8 1
48 13 2008 8 2
48 13 2009 8 1
48 26 2008 5 1
50 26 2008 8 2
52 25 2008 5 1
52 26 2008 5 2
52 26 2009 2 1
52 26 2009 8 1
54 8 2009 5 1
54 13 2010 5 1
54 25 2009 2 1
54 25 2011 5 1
54 26 2008 5 7
54 26 2009 11 2
56 26 2008 5 4
56 26 2009 5 1
58 1 2011 2 1
58 25 2008 8 1
58 25 2008 11 1
58 25 2009 2 1
58 26 2008 5 1
58 26 2008 8 3
58 26 2009 11 2
58 26 2010 11 1
58 28 2008 8 1
60 25 2008 8 2
60 25 2008 11 1
60 26 2008 5 4
60 26 2008 8 1
60 26 2009 5 1
62 25 2008 8 2
62 25 2009 5 1
62 26 2008 5 4
62 26 2009 2 1
62 26 2009 5 1
62 27 2008 8 2
64 26 2008 5 1
64 26 2008 8 2
64 26 2009 11 1
66 25 2008 11 1
66 25 2013 5 1
66 26 2009 11 1
68 26 2008 8 1
70 26 2008 8 4
72 26 2008 5 2
72 26 2009 2 1
74 26 2008 5 1
74 26 2008 8 2
76 26 2008 11 1
78 26 2008 8 1
78 26 2009 2 1
82 26 2008 8 1
82 26 2008 11 1
86 26 2008 8 1
106 26 2008 8 1
#
#
#---------------------------------
#  19 - RELEASE REGION    YEAR    MONTH   Tag_program  PTTP
1 2008 8
0 0 0 0 0 0 0 0.148413276277619 0.148413276277619 1.63254603905381 10.8341691682662 5.93653105110475 3.26509207810761 1.63254603905381 1.03889293394333 1.33571948649857 0.148413276277619 0 0 0.445239828832856 0.148413276277619 0.148413276277619 0 0.148413276277619 0 0 0 0 0 0 0 0 0 0 0 0 0 0 0 0 0 0 0 0 0 0 0 0 0 0 0 0 0 0 0 0 0 0 0 0 0 0 0 0 0 0 0 0 0 0 0 0 0 0 0 0 0 0 0 0 0 0 0 0 0 0 0 0 0 0 0 0 0 0 0

#
#
# LENGTH RELEASE    FISHERY    RECAP YEAR    RECAP MONTH    NUMBER
30 25 2008 11 1
32 27 2009 8 1
34 13 2009 2 1
36 25 2008 11 1
48 1 2009 11 1
50 12 2008 8 1
52 12 2008 8 1
54 1 2009 11 2
54 4 2009 8 1
54 12 2008 8 2
54 12 2009 5 1
54 13 2009 5 1
56 1 2009 11 1
56 1 2010 2 1
56 1 2010 11 1
56 1 2014 11 1
56 4 2009 11 1
56 12 2008 8 9
56 13 2008 8 4
58 1 2009 11 2
58 12 2008 8 3
58 13 2008 8 1
58 13 2009 5 1
58 13 2010 5 1
60 1 2008 11 1
60 1 2009 11 1
60 1 2010 8 1
60 1 2015 5 1
60 12 2008 8 3
60 13 2008 8 1
60 13 2009 8 1
62 1 2009 2 1
62 1 2010 11 1
62 1 2011 2 1
62 12 2008 8 3
62 13 2008 8 1
64 1 2009 5 1
64 1 2009 8 3
64 12 2008 8 2
66 12 2008 8 3
66 13 2009 5 1
68 9 2010 2 1
68 13 2008 8 1
76 1 2010 11 1
78 1 2009 2 1
78 12 2008 8 1
80 1 2009 11 1
82 1 2008 11 1
#
#
#---------------------------------
#  20 - RELEASE REGION    YEAR    MONTH   Tag_program  PTTP
1 2008 11
0 0 0 0 0 0 0 0 0 0.155470088875285 4.04222231075741 9.79461559914296 17.8790602206578 7.77350444376425 14.3032481765262 19.2782910205353 18.9673508427848 12.1266669322722 12.7485472877734 10.5719660435194 11.3493164878958 5.59692319951026 1.86564106650342 1.86564106650342 2 0.155470088875285 1 0.31094017775057 0 0.466410266625855 0 0 0 0 0 0 0 0 0 0 0 0 0 0 0 0 0 0 0 0 0 0 0 0 0 0 0 0 0 0 0 0 0 0 0 0 0 0 0 0 0 0 0 0 0 0 0 0 0 0 0 0 0 0 0 0 0 0 0 0 0 0 0 0 0

#
#
# LENGTH RELEASE    FISHERY    RECAP YEAR    RECAP MONTH    NUMBER
32 25 2009 2 2
32 25 2009 5 1
32 25 2009 11 2
34 25 2008 11 1
34 25 2009 2 5
36 25 2008 11 1
36 25 2009 2 1
36 25 2009 5 2
36 25 2010 5 1
38 25 2008 11 1
38 25 2010 2 1
40 25 2009 2 1
42 8 2009 5 1
42 25 2008 11 2
42 25 2009 2 2
42 25 2009 5 1
44 25 2008 11 1
44 25 2009 5 1
44 25 2011 8 1
46 8 2009 5 1
46 25 2008 11 6
46 25 2009 2 3
46 25 2009 5 1
48 8 2009 5 2
48 25 2008 11 1
48 25 2009 2 1
48 25 2009 5 1
48 25 2009 11 1
50 19 2009 2 0
50 25 2008 11 1
50 25 2009 5 2
50 25 2009 11 1
52 25 2008 11 1
52 25 2009 2 1
52 25 2009 5 1
52 25 2009 11 1
58 25 2009 5 1
58 25 2009 8 1
62 25 2009 8 1
136 2 2009 11 1
#
#
#---------------------------------
#  21 - RELEASE REGION    YEAR    MONTH   Tag_program  PTTP
1 2009 2
0 0 0 0 0 0 0 0 0 1.42957659098766 3.33567871230455 6.19483189427987 7.14788295493831 1.42957659098766 1.90610212131688 1.90610212131688 4.76525530329221 10.0070361369136 27.6384807590948 52.4178083362143 43.3638232599591 22.8732254558026 15.2488169705351 10.0070361369136 6.67135742460909 2.3826276516461 0 0.953051060658442 0.476525530329221 0.476525530329221 0 0 0 0 0 0 0 0 0 0 0 0 0 0 0 0 0 0 0 0 0 0 0 0 0 0 0 0 0 0 0 0 0 0 0 0 0 0 0 0 0 0 0 0 0 0 0 0 0 0 0 0 0 0 0 0 0 0 0 0 0 0 0 0 0

#
#
# LENGTH RELEASE    FISHERY    RECAP YEAR    RECAP MONTH    NUMBER
32 25 2009 5 3
34 25 2009 5 1
34 25 2009 11 1
38 25 2009 8 1
40 25 2010 2 1
44 25 2009 5 4
44 25 2010 5 1
46 25 2009 5 12
46 25 2009 8 2
46 25 2009 11 1
46 25 2010 5 1
48 25 2009 5 22
48 25 2009 8 3
48 25 2009 11 1
48 25 2010 2 1
48 25 2010 5 2
50 25 2009 5 12
50 25 2009 8 1
50 25 2010 2 2
50 25 2010 5 1
50 25 2011 2 1
52 25 2009 5 9
52 25 2009 8 2
52 27 2010 2 1
54 25 2009 5 2
56 25 2009 2 1
56 25 2009 5 6
56 25 2009 8 1
58 25 2009 5 2
60 25 2009 5 1
#
#
#---------------------------------
#  22 - RELEASE REGION    YEAR    MONTH   Tag_program  PTTP
1 2009 5
0 0 0 0 0 0 0 0 0 0 0.339444436188728 0.169722218094364 0.678888872377455 0.509166654283091 9.33472199519001 66.0219428387075 101.833330856618 61.4394429501597 42.939721177874 48.2011099387993 54.6505542263851 30.0408326027024 17.9905551180026 15.9538885008702 11.5411108304167 16.2933329370589 14.7658329742097 18.3299995541913 23.0822216608335 19.8574995170406 26.8161104589095 29.1922215122306 35.3022213636277 43.4488878321571 41.9213878693079 32.0774992198348 20.0272217351349 10.8622219580393 6.1099998513971 3.90361101617037 3.05499992569855 2.71555548950982 2.71555548950982 0.339444436188728 0.678888872377455 1.69722218094364 0 0.169722218094364 0 0 0 0 0.169722218094364 0 0 0 0 0 0 0 0 0 0 0 0 0 0 0 0 0 0 0 0 0 0 0 0 0 0 0 0 0 0 0 0 0 0 0 0 0 0 0 0 0 0

#
#
# LENGTH RELEASE    FISHERY    RECAP YEAR    RECAP MONTH    NUMBER
38 25 2009 8 1
38 26 2010 5 1
40 8 2009 5 3
40 25 2011 8 1
40 26 2009 8 1
40 26 2009 11 6
40 26 2010 5 1
42 8 2009 5 4
42 8 2014 8 1
42 9 2010 5 1
42 25 2009 5 4
42 25 2009 8 5
42 25 2009 11 3
42 25 2011 11 1
42 26 2009 8 2
42 26 2010 2 1
42 26 2010 5 2
42 26 2010 11 2
42 28 2009 5 2
44 8 2009 5 2
44 25 2009 5 3
44 25 2009 8 1
44 25 2009 11 3
44 25 2010 2 1
44 25 2011 5 1
44 26 2009 11 1
44 26 2011 2 1
46 25 2009 5 6
46 25 2009 8 1
46 25 2009 11 1
46 26 2009 11 3
46 26 2010 11 1
46 26 2013 11 1
46 28 2010 2 1
48 9 2012 8 1
48 13 2009 5 1
48 25 2009 5 5
48 25 2009 8 2
48 26 2009 8 2
48 26 2009 11 4
50 2 2013 2 1
50 8 2010 2 1
50 25 2009 5 1
50 25 2010 5 1
50 26 2010 5 1
50 27 2010 2 1
52 1 2010 11 1
52 25 2009 8 1
52 25 2009 11 1
52 26 2009 8 1
52 26 2009 11 2
52 26 2010 2 1
54 1 2010 5 1
54 25 2009 5 1
54 25 2009 11 1
54 26 2009 11 1
56 25 2009 8 1
56 25 2010 5 1
56 25 2010 11 1
58 1 2011 11 1
58 25 2009 5 1
60 24 2009 5 1
60 25 2009 5 1
60 25 2009 8 1
60 25 2010 2 1
60 25 2010 5 1
62 2 2011 2 1
62 8 2010 5 1
62 25 2009 8 4
62 25 2009 11 1
64 24 2009 5 2
64 25 2009 5 1
64 25 2009 11 3
64 25 2010 2 2
64 25 2013 8 1
66 24 2009 5 6
66 25 2009 5 1
66 25 2010 2 1
66 25 2010 5 1
68 24 2009 5 2
70 8 2012 5 1
70 8 2018 11 1
70 24 2009 5 6
70 25 2009 11 1
70 25 2010 5 1
70 26 2009 11 1
72 24 2009 5 5
72 25 2009 11 2
74 24 2009 5 5
74 25 2009 11 3
76 7 2011 8 1
76 9 2010 8 2
76 24 2009 5 7
76 25 2009 5 1
76 25 2009 11 1
78 7 2014 2 1
78 7 2014 8 1
78 24 2009 5 5
78 25 2009 5 1
78 25 2010 2 2
80 24 2009 5 1
80 25 2009 11 1
80 25 2011 11 1
80 27 2011 8 1
82 9 2010 11 1
82 24 2009 5 1
82 25 2009 5 1
86 25 2009 5 1
94 25 2009 11 1
94 26 2009 8 1
#
#
#---------------------------------
#  23 - RELEASE REGION    YEAR    MONTH   Tag_program  PTTP
1 2009 8
0 0 0 0 0 0 0 0.0946307716441747 0.0946307716441747 0 0.0946307716441747 4.63690781056456 9.08455407784077 1.32483080301845 1 2 0.378523086576699 1 0 1 0.283892314932524 0.0946307716441747 0 1 0.189261543288349 0 0 0 0 0 0 0 0 0 0 0 0 0 0 0 0 0 0 0 0 0 0 0 0 0 0 0 0 0 0 0 0 0 0 0 0 0 0 0 0 0 0 0 0 0 0 0 0 0 0 0 0 0 0 0 0 0 0 0 0 0 0 0 0 0 0 0 0 0 0

#
#
# LENGTH RELEASE    FISHERY    RECAP YEAR    RECAP MONTH    NUMBER
32 25 2010 2 1
34 27 2010 2 1
36 19 2009 11 0
38 25 2009 11 1
40 25 2011 5 1
40 25 2011 8 1
44 25 2009 8 1
48 13 2009 8 1
48 27 2012 2 1
50 13 2009 8 1
52 1 2010 11 1
52 2 2011 11 1
52 12 2009 8 1
52 13 2010 2 1
52 13 2010 5 1
52 13 2010 8 1
54 1 2011 11 1
54 2 2011 5 1
54 13 2011 5 1
56 1 2010 5 1
56 1 2013 11 1
56 12 2009 8 2
56 13 2009 11 1
56 13 2010 5 1
56 25 2009 8 1
58 13 2010 5 1
60 1 2011 2 1
64 12 2010 5 1
#
#
#---------------------------------
#  24 - RELEASE REGION    YEAR    MONTH   Tag_program  PTTP
1 2009 11
0 0 0 0 0 0 0 0 0 0 0.188330860398098 1 3 6.21491839313724 6.77991097433154 25.0480044329471 61.0191987689838 37.2895103588234 30.3212685240938 49.907678005496 39.7378115439987 29.1912833617052 18.0797625982174 16.3847848546345 21.093056364587 21.6580489457813 22.0347106665775 19.209747760606 19.0214169002079 14.8781379714498 9.79320474070111 4.89660237035055 3.76661720796196 2.44830118517528 0.753323441592393 0.941654301990491 0.753323441592393 0.188330860398098 0.376661720796196 0.564992581194295 0.564992581194295 0 0 0 0.188330860398098 0 0 0 0 0 0 0 0 0 0 0 0 0 0 0 0 0 0 0 0 0 0 0 0 0 0 0 0 0 0 0 0 0 0 0 0 0 0 0 0 0 0 0 0 0 0 0 0 0 0

#
#
# LENGTH RELEASE    FISHERY    RECAP YEAR    RECAP MONTH    NUMBER
32 24 2009 11 1
34 25 2009 11 3
38 25 2010 2 1
40 25 2010 5 3
40 25 2011 2 1
40 26 2009 11 1
40 26 2010 11 1
42 8 2010 5 1
42 25 2010 2 1
42 25 2011 2 1
42 26 2009 11 4
42 26 2010 5 2
42 26 2010 11 3
42 26 2011 2 1
42 27 2012 2 1
44 25 2009 11 1
44 26 2009 11 3
44 26 2010 5 2
44 26 2010 11 2
44 26 2011 2 1
46 8 2010 2 1
46 25 2009 11 1
46 25 2010 2 4
46 25 2010 5 1
46 25 2013 2 1
46 26 2009 11 3
46 26 2010 11 1
46 26 2011 5 1
48 8 2010 2 1
48 25 2009 11 2
48 25 2010 2 5
48 25 2010 5 1
48 25 2010 11 1
48 25 2011 11 1
48 26 2009 11 10
48 26 2010 2 1
48 26 2010 5 2
48 26 2010 11 1
48 27 2009 11 1
48 27 2010 5 1
50 8 2014 5 1
50 25 2009 11 2
50 25 2010 11 1
50 26 2009 11 10
50 26 2010 2 1
52 19 2010 2 0
52 25 2009 11 1
52 25 2010 2 1
52 25 2010 5 2
52 25 2010 11 1
52 25 2011 5 1
52 26 2009 11 8
52 26 2010 2 1
52 26 2010 5 2
52 26 2010 11 1
52 26 2011 5 1
54 8 2010 5 1
54 25 2010 2 2
54 25 2010 5 3
54 26 2009 11 3
56 26 2009 11 4
56 27 2013 8 1
58 1 2012 2 1
58 8 2010 2 2
58 19 2010 2 0
58 25 2010 2 1
58 25 2010 5 1
58 25 2012 2 1
58 26 2009 11 2
60 26 2009 11 5
60 26 2010 2 1
60 26 2010 5 1
60 27 2012 5 1
62 9 2010 5 1
62 26 2009 11 5
62 26 2010 2 2
64 5 2012 8 1
64 25 2010 2 2
64 25 2010 5 2
64 26 2009 11 2
66 25 2010 5 7
66 25 2013 5 1
66 26 2010 2 3
66 26 2010 5 1
66 27 2010 2 1
66 27 2010 5 1
68 9 2013 2 1
68 25 2010 5 2
68 26 2009 11 1
68 27 2010 2 1
70 25 2009 11 2
70 25 2010 2 1
72 25 2010 2 1
72 25 2012 5 1
74 27 2010 5 1
#
#
#---------------------------------
#  25 - RELEASE REGION    YEAR    MONTH   Tag_program  PTTP
1 2010 5
0 0 0 0 0 0 0 0 0 0 0 0 0 1.40843682619549 45.0699784382558 22.0655102770627 23.0044681611931 12.2064524936943 6.10322624684714 18.7791576826066 38.0277943072783 61.0322624684714 67.6049676573837 61.9712203526017 125.820356473464 139.435245793354 129.576188009985 110.797030327379 50.2342468009726 48.3563310327119 40.8446679596693 29.5771733501054 14.5538472040201 7.04218413097747 7.04218413097747 3.75583153652132 2.81687365239099 3.28635259445615 0.469478942065164 0.469478942065164 0.469478942065164 0 0 0 0 0 0 0 0 0 0 0 0 0 0 0 0 0 0 0.469478942065164 0 0.469478942065164 0 0 0 0 0.469478942065164 0 0 0 0 0 0 0 0 0 0 0 0 0 0 0 0 0 0 0 0 0 0 0 0 0 0 0 0

#
#
# LENGTH RELEASE    FISHERY    RECAP YEAR    RECAP MONTH    NUMBER
38 25 2011 2 1
38 25 2011 11 1
38 26 2010 5 8
38 26 2011 2 2
40 25 2010 11 1
40 26 2010 5 2
42 7 2010 5 1
42 8 2010 5 1
42 25 2011 2 1
42 25 2012 5 1
42 26 2010 5 4
44 25 2011 11 1
44 26 2010 5 1
44 26 2011 5 1
46 25 2010 11 1
46 26 2010 5 1
48 26 2010 5 3
48 26 2010 11 2
50 8 2010 5 1
50 8 2012 8 1
50 25 2010 11 1
50 25 2011 2 1
50 25 2011 5 1
50 26 2010 5 3
50 26 2010 11 1
50 26 2011 2 2
50 26 2011 5 1
52 8 2010 5 1
52 25 2011 2 3
52 25 2011 5 1
52 25 2011 8 1
52 25 2011 11 1
52 26 2010 5 14
52 26 2010 11 3
52 26 2011 5 2
52 27 2012 8 1
54 7 2010 5 1
54 7 2010 11 1
54 7 2011 5 1
54 8 2010 5 1
54 12 2011 5 1
54 25 2010 5 1
54 25 2010 11 1
54 26 2010 5 8
54 26 2010 11 2
54 26 2011 5 1
54 26 2011 11 1
54 26 2013 11 1
56 7 2010 5 1
56 8 2010 5 1
56 12 2011 5 1
56 26 2010 5 6
56 26 2010 11 2
56 26 2011 5 1
56 26 2011 11 1
58 7 2011 2 1
58 7 2011 8 1
58 8 2010 5 1
58 8 2010 11 1
58 25 2010 11 3
58 25 2011 2 2
58 25 2011 5 2
58 26 2010 5 20
58 26 2010 11 11
58 26 2011 2 2
58 26 2011 5 2
60 7 2015 11 1
60 25 2010 11 1
60 25 2011 2 4
60 25 2011 5 2
60 25 2011 8 1
60 25 2013 2 1
60 26 2010 5 16
60 26 2010 11 7
60 26 2011 2 3
60 26 2011 5 1
60 26 2012 2 1
62 7 2010 5 1
62 8 2012 11 1
62 13 2011 8 1
62 25 2011 2 3
62 25 2011 5 3
62 26 2010 5 14
62 26 2010 8 1
62 26 2010 11 8
62 26 2011 2 2
62 26 2011 5 3
62 26 2012 8 1
62 27 2012 2 1
64 8 2010 5 1
64 25 2011 2 1
64 25 2011 5 1
64 26 2010 5 13
64 26 2010 11 7
64 26 2011 2 1
64 26 2011 5 1
64 26 2013 8 1
66 7 2010 5 1
66 8 2011 5 1
66 25 2012 2 1
66 26 2010 5 3
66 26 2010 11 3
66 26 2011 2 3
68 1 2011 5 1
68 8 2010 5 2
68 8 2014 11 1
68 25 2011 11 1
68 26 2010 11 3
68 26 2011 2 1
68 26 2011 5 1
70 7 2011 2 1
70 25 2011 2 2
70 25 2013 2 1
70 26 2010 5 1
70 26 2011 5 1
72 1 2010 11 1
72 8 2010 5 1
72 25 2011 2 2
72 25 2011 11 1
72 26 2010 5 3
72 26 2010 11 1
72 26 2013 11 1
74 26 2010 11 2
76 26 2010 11 1
76 26 2012 2 1
82 26 2010 11 1
84 26 2010 5 1
#
#
#---------------------------------
#  26 - RELEASE REGION    YEAR    MONTH   Tag_program  PTTP
1 2010 11
0 0 0 0 0 0 0 0 0 0 0 0 0 0 1.907401179355 6.53966118636 37.330565938805 164.308987307295 236.790232122785 196.1898355908 202.72949677716 163.219043776235 191.012603818265 156.40689670711 66.759041277425 32.6983059318 22.34384238673 13.896780021015 10.626949427835 6.812147069125 6.812147069125 10.626949427835 14.16926590378 12.806836489955 12.806836489955 18.256554145255 17.43909649696 11.98937884166 11.98937884166 6.812147069125 8.17457648295 5.722203538065 5.4497176553 1.63491529659 2.452372944885 1.907401179355 0.272485882765 0.272485882765 0.272485882765 0 0 0 0 0 0 0 0 0 0 0 0 0 0 0 0 0 0 0 0 0 0 0 0 0 0 0 0 0 0 0 0 0 0 0 0 0 0 0 0 0 0 0 0 0 0

#
#
# LENGTH RELEASE    FISHERY    RECAP YEAR    RECAP MONTH    NUMBER
40 25 2011 2 2
40 25 2011 5 1
42 7 2011 2 2
42 7 2011 11 1
42 25 2011 2 5
42 25 2011 5 3
42 25 2011 8 1
42 25 2011 11 4
42 26 2011 2 1
42 26 2012 2 1
44 7 2011 2 13
44 7 2011 5 1
44 8 2011 5 1
44 25 2011 2 20
44 25 2011 5 13
44 25 2011 8 2
44 25 2011 11 8
44 26 2010 11 1
44 26 2011 2 8
44 26 2011 5 5
44 26 2011 8 2
44 26 2011 11 1
44 26 2012 2 1
44 26 2012 5 2
44 26 2013 11 1
44 27 2011 2 2
44 27 2011 8 1
46 7 2011 2 13
46 7 2013 2 1
46 8 2012 5 1
46 8 2013 2 1
46 10 2011 2 1
46 25 2011 2 41
46 25 2011 5 25
46 25 2011 8 3
46 25 2011 11 7
46 25 2012 2 4
46 25 2012 5 3
46 26 2011 2 9
46 26 2011 5 10
46 26 2011 11 4
46 26 2012 5 1
46 26 2013 11 1
48 7 2011 2 8
48 7 2011 5 1
48 7 2011 11 1
48 8 2011 5 1
48 8 2013 2 2
48 8 2020 2 1
48 25 2010 11 1
48 25 2011 2 33
48 25 2011 5 19
48 25 2011 11 8
48 25 2012 5 1
48 25 2012 11 1
48 26 2010 11 1
48 26 2011 2 16
48 26 2011 5 1
48 26 2011 8 1
48 26 2011 11 3
48 26 2012 2 2
48 26 2012 5 1
48 26 2012 8 2
50 7 2011 2 8
50 7 2011 5 2
50 7 2011 8 1
50 7 2012 2 1
50 8 2011 5 3
50 25 2011 2 23
50 25 2011 5 7
50 25 2011 8 3
50 25 2011 11 4
50 26 2011 2 18
50 26 2011 5 9
50 26 2011 11 1
50 26 2012 2 1
50 26 2012 5 3
50 26 2012 11 2
52 7 2011 2 6
52 7 2011 8 1
52 25 2011 2 13
52 25 2011 5 7
52 25 2011 8 3
52 25 2011 11 4
52 25 2012 5 1
52 26 2010 11 1
52 26 2011 2 9
52 26 2011 5 8
52 26 2011 11 2
52 26 2012 2 4
54 7 2011 2 4
54 7 2011 5 1
54 25 2011 2 10
54 25 2011 5 6
54 25 2011 8 3
54 25 2012 5 1
54 26 2011 2 19
54 26 2011 5 10
54 26 2011 11 2
54 26 2012 2 1
54 26 2012 5 2
56 7 2011 2 3
56 8 2013 2 1
56 25 2011 2 8
56 25 2011 5 5
56 25 2011 11 3
56 25 2012 5 2
56 25 2012 8 1
56 26 2010 11 2
56 26 2011 2 18
56 26 2011 5 7
56 26 2011 11 2
56 26 2012 5 1
56 26 2012 8 1
56 26 2013 5 1
58 7 2011 2 1
58 7 2011 8 1
58 25 2011 2 1
58 25 2011 11 1
58 25 2012 5 1
58 26 2011 2 2
58 26 2011 5 1
58 26 2011 8 1
58 26 2012 5 1
60 7 2011 2 1
60 7 2011 11 1
60 8 2011 5 1
60 25 2011 11 1
60 26 2011 2 3
60 26 2011 8 2
62 7 2011 2 1
62 25 2011 8 1
62 25 2012 5 1
62 26 2011 2 3
62 26 2011 5 2
64 26 2010 11 1
64 26 2011 2 1
64 26 2011 5 2
66 25 2012 2 1
66 25 2013 2 1
66 26 2011 2 1
68 26 2011 5 1
70 25 2011 5 1
70 26 2011 5 1
72 25 2011 8 1
72 26 2011 2 1
74 25 2011 5 1
74 25 2012 5 1
74 26 2011 2 1
74 26 2011 5 1
76 7 2011 2 2
76 25 2011 5 1
78 25 2010 11 1
78 25 2011 2 1
78 25 2011 5 2
80 26 2011 2 1
82 25 2011 5 2
82 25 2011 11 1
82 26 2011 5 2
84 25 2011 5 1
84 28 2011 5 1
86 8 2013 2 1
86 26 2012 5 1
88 25 2011 5 1
92 25 2011 2 1
92 26 2011 5 1
98 25 2011 11 1
98 26 2011 2 1
#
#
#---------------------------------
#  27 - RELEASE REGION    YEAR    MONTH   Tag_program  PTTP
1 2011 5
0 0 0 0 0 0 0 0 0 1.17003339425384 5.26515027414229 18.1355176109345 9.36026715403074 13.4553840339192 19.3055510051884 11.1153172454115 6.43518366839613 12.2853506396653 11.1153172454115 7.60521706264997 8.77525045690381 5.85016697126921 2.34006678850768 2.9250834856346 2.34006678850768 0.585016697126921 1 0 0 0 0 0 0 0 0 0 0 0 0 0 0 0 0 0 0 0 0 0 0 0 0 0 0 0 0 0 0 0 0 0 0 0 0 0 0 0 0 0 0 0 0 0 0 0 0 0 0 0 0 0 0 0 0 0 0 0 0 0 0 0 0 0 0 0 0

#
#
# LENGTH RELEASE    FISHERY    RECAP YEAR    RECAP MONTH    NUMBER
28 25 2011 5 1
32 25 2011 5 1
32 25 2011 11 1
34 25 2011 8 1
34 27 2011 8 1
36 25 2011 5 3
36 25 2012 2 1
36 27 2011 8 1
38 25 2011 5 6
38 25 2011 8 2
38 25 2011 11 1
40 25 2011 5 5
40 25 2011 11 1
42 25 2011 8 1
44 25 2011 5 1
44 25 2011 8 1
44 25 2013 5 1
44 27 2011 11 1
46 25 2011 5 1
46 25 2011 8 2
46 25 2011 11 1
46 25 2013 2 1
50 25 2011 11 1
52 25 2011 11 1
52 27 2011 11 1
54 27 2011 11 1
56 27 2011 11 1
62 27 2011 5 1
#
#
#---------------------------------
#  28 - RELEASE REGION    YEAR    MONTH   Tag_program  PTTP
1 2011 8
0 0 0 0 0 0 0 0 0 0 5.96217944551315 12.4663752042548 12.4663752042548 10.8403262645694 5.96217944551315 5.96217944551315 2.16806525291387 1.62604893968541 3.79411419259928 1.62604893968541 0 0 0.542016313228469 0 0 0 1 0 0 0 0 0 0 0 0 0 0 0 0 0 0 0 0 0 0 0 0 0 0 0 0 0 0 0 0 0 0 0 0 0 0 0 0 0 0 0 0 0 0 0 0 0 0 0 0 0 0 0 0 0 0 0 0 0 0 0 0 0 0 0 0 0 0 0 0

#
#
# LENGTH RELEASE    FISHERY    RECAP YEAR    RECAP MONTH    NUMBER
34 25 2011 11 2
36 24 2011 8 1
40 25 2011 8 1
40 27 2012 2 1
42 25 2011 11 1
46 25 2011 8 1
62 25 2011 11 1
#
#
#---------------------------------
#  29 - RELEASE REGION    YEAR    MONTH   Tag_program  PTTP
1 2011 11
0 0 0 0 0 0 0 0 0 0 0 0 0 9.91617818524791 43.5449563786974 60.7904836573894 75.0180436623103 99.5929200344464 175.473240060691 111.664789129531 112.527065493465 134.946250955765 99.1617818524791 129.34145459019 86.2276363934601 93.5569854869042 81.4851163918198 70.27552366067 65.964141840997 64.2395891131278 84.9342218475582 55.6168254737818 45.2695091065666 32.3353636475475 16.8143890967247 12.934145459019 6.46707272950951 2.1556909098365 1.7245527278692 1.7245527278692 1 0 0 0 0 0 0 0 0 0 0 0 0 0 0 0 0 0 0 0 0 0 0 0 0 0 0 0 0 0 0 0 0 0 0 0 0 0 0 0 0 0 0 0 0 0 0 0 0 0 0 0 0 0 0

#
#
# LENGTH RELEASE    FISHERY    RECAP YEAR    RECAP MONTH    NUMBER
38 3 2014 11 0
38 25 2011 11 1
38 25 2012 2 4
38 25 2012 5 1
38 25 2012 11 1
38 26 2012 5 2
38 26 2012 8 1
38 26 2013 5 1
38 27 2012 2 1
40 25 2011 11 1
40 25 2012 2 3
40 25 2012 5 4
40 26 2011 11 1
40 26 2012 2 2
40 26 2012 5 1
40 26 2013 2 1
40 27 2012 5 1
42 25 2011 11 3
42 25 2012 2 3
42 25 2012 5 6
42 25 2013 11 1
42 26 2011 11 1
42 26 2012 2 1
42 26 2012 11 1
42 26 2013 2 2
42 26 2013 5 1
42 27 2012 2 1
44 7 2011 11 2
44 25 2011 11 7
44 25 2012 2 3
44 25 2012 5 4
44 25 2012 8 1
44 25 2013 2 1
44 26 2011 11 2
44 26 2012 5 1
44 26 2012 8 1
44 26 2012 11 2
44 26 2013 5 1
44 27 2012 2 1
46 7 2012 2 2
46 25 2011 11 17
46 25 2012 2 18
46 25 2012 5 7
46 25 2012 8 2
46 25 2012 11 1
46 26 2011 11 13
46 26 2012 2 3
46 26 2012 5 4
46 26 2012 8 3
46 26 2012 11 2
46 26 2013 2 1
46 27 2012 2 1
46 27 2012 5 1
48 7 2011 11 1
48 7 2012 5 1
48 25 2011 11 5
48 25 2012 2 8
48 25 2012 5 4
48 25 2013 2 1
48 26 2011 11 2
48 26 2012 2 4
48 26 2012 5 8
48 26 2012 11 3
48 26 2013 2 2
48 26 2013 5 1
50 7 2011 11 2
50 8 2012 2 1
50 25 2011 11 8
50 25 2012 2 12
50 25 2012 5 2
50 26 2011 11 5
50 26 2012 2 3
50 26 2012 5 3
50 26 2012 8 1
50 26 2012 11 1
52 8 2012 2 1
52 8 2012 5 2
52 25 2011 11 9
52 25 2012 2 15
52 25 2012 5 3
52 25 2012 8 1
52 26 2011 11 7
52 26 2012 2 3
52 26 2012 5 7
52 26 2012 8 2
52 26 2012 11 1
52 27 2012 2 1
54 7 2011 11 1
54 7 2012 2 2
54 25 2011 11 5
54 25 2012 2 7
54 25 2012 5 2
54 25 2012 8 1
54 25 2013 2 1
54 26 2011 11 6
54 26 2012 2 3
54 26 2012 5 2
54 26 2012 8 1
54 26 2012 11 1
54 26 2013 5 1
56 7 2011 11 2
56 8 2012 5 1
56 25 2011 11 9
56 25 2012 2 6
56 25 2012 5 4
56 25 2013 2 1
56 26 2011 11 8
56 26 2012 2 4
56 26 2012 5 5
56 26 2012 11 1
56 27 2012 2 1
58 7 2011 11 1
58 8 2012 2 1
58 25 2011 11 3
58 25 2012 2 9
58 25 2012 5 2
58 26 2011 11 4
58 26 2012 2 2
58 26 2012 5 4
58 26 2012 8 1
58 26 2012 11 3
58 26 2013 2 2
58 26 2013 5 1
60 7 2011 11 2
60 25 2011 11 5
60 25 2012 2 8
60 25 2012 5 1
60 26 2011 11 3
60 26 2012 2 4
60 26 2012 5 6
60 26 2012 8 2
60 26 2013 2 1
60 27 2014 2 1
62 7 2012 5 1
62 10 2012 8 1
62 25 2011 11 4
62 25 2012 2 7
62 25 2012 5 1
62 26 2012 2 4
62 26 2012 5 3
62 26 2012 8 1
62 26 2012 11 1
62 26 2013 2 1
64 7 2011 11 1
64 7 2012 2 1
64 8 2012 2 1
64 25 2011 11 9
64 25 2012 2 4
64 26 2011 11 2
64 26 2012 2 5
64 26 2012 5 3
64 26 2013 8 1
66 25 2011 11 4
66 25 2012 2 3
66 25 2012 5 1
66 25 2013 5 1
66 26 2011 11 8
66 26 2012 2 4
66 26 2012 5 3
66 26 2012 8 1
66 26 2012 11 1
66 26 2013 11 1
68 7 2011 11 1
68 7 2012 2 1
68 25 2011 11 1
68 25 2012 2 3
68 25 2012 5 2
68 26 2011 11 4
68 26 2012 2 2
68 26 2012 5 3
68 26 2012 8 3
68 26 2013 2 1
70 7 2011 11 1
70 25 2011 11 1
70 25 2012 2 3
70 25 2012 5 2
70 26 2011 11 4
70 26 2012 2 2
70 26 2012 5 1
70 26 2012 8 2
70 26 2012 11 1
70 26 2013 2 1
72 7 2012 2 1
72 7 2012 5 1
72 25 2011 11 1
72 25 2012 2 2
72 26 2011 11 3
72 26 2012 2 4
72 26 2012 5 2
72 26 2012 8 2
72 26 2013 2 1
74 7 2011 11 1
74 25 2011 11 1
74 25 2012 5 2
74 26 2011 11 2
74 26 2012 2 4
74 26 2012 5 1
74 26 2012 8 1
74 26 2013 2 1
76 25 2012 2 1
76 26 2012 2 3
78 25 2011 11 2
78 26 2012 2 1
78 26 2013 2 1
82 26 2012 2 1
82 26 2012 8 1
90 26 2012 11 1
#
#
#---------------------------------
#  30 - RELEASE REGION    YEAR    MONTH   Tag_program  PTTP
1 2012 2
0 0 0 0 0 0 0 0 0 0 17.5208510993213 19.2729362092535 60.7389504776473 220.762723851449 164.111971963643 87.0202271266293 67.1632625473984 42.0500426383712 40.8819858984164 56.6507518878056 124.398042805181 129.070269765 74.171602987127 32.1215603487558 15.1847376194118 5.2562553297964 5.2562553297964 5.84028369977378 2.92014184988689 0.584028369977378 0.584028369977378 0.584028369977378 0 1 0 0 0 0 0 0 0 0 0 0 0 0 0 0 0 0 0 0 0 0 0 0 0 0 0 0 0 0 0 0 0 0 0 0 0 0 0 0 0 0 0 0 0 0 0 0 0 0 0 0 0 0 0 0 0 0 0 0 0 0 0

#
#
# LENGTH RELEASE    FISHERY    RECAP YEAR    RECAP MONTH    NUMBER
30 25 2012 5 1
30 25 2013 5 1
30 27 2012 8 1
32 25 2012 5 2
32 25 2013 5 1
32 27 2012 5 1
34 25 2012 2 1
34 25 2012 5 2
34 25 2013 5 1
34 27 2012 11 2
34 27 2013 8 1
36 25 2012 2 2
36 25 2012 11 6
36 25 2013 5 3
36 25 2014 5 1
36 26 2012 8 1
36 27 2012 2 1
36 27 2012 8 1
38 25 2012 2 2
38 25 2012 5 2
38 25 2012 8 1
38 25 2012 11 3
38 25 2013 2 1
38 25 2013 5 1
38 27 2012 2 5
38 27 2012 5 1
38 27 2012 8 1
38 27 2012 11 2
38 27 2013 2 2
38 27 2013 5 1
38 27 2014 5 1
40 25 2012 2 1
40 25 2012 5 1
40 25 2012 8 2
40 25 2012 11 3
40 25 2013 5 1
40 26 2012 5 1
40 27 2012 2 4
40 27 2012 5 1
40 27 2013 2 1
40 27 2014 5 1
42 13 2012 5 1
42 19 2013 5 0
42 25 2012 2 1
42 25 2012 5 2
42 25 2012 8 2
42 25 2012 11 5
42 25 2013 2 2
42 27 2012 2 8
42 27 2012 8 3
44 25 2012 2 2
44 25 2012 5 1
44 25 2012 8 1
44 25 2012 11 1
44 25 2013 2 1
44 25 2013 5 1
44 27 2012 2 2
44 27 2012 5 1
44 27 2012 8 1
46 13 2012 11 1
46 25 2012 2 5
46 25 2012 5 1
46 25 2012 8 1
46 25 2012 11 1
46 25 2013 5 2
46 26 2012 5 1
46 27 2012 2 6
46 27 2012 5 3
46 27 2013 11 1
48 13 2012 5 2
48 25 2012 2 18
48 25 2012 5 7
48 25 2012 8 3
48 25 2012 11 1
48 25 2013 5 1
48 26 2012 5 1
48 27 2012 2 12
48 27 2012 5 1
48 27 2012 8 1
50 9 2014 5 1
50 25 2012 2 18
50 25 2012 5 8
50 25 2012 8 3
50 25 2012 11 2
50 25 2013 2 2
50 25 2013 5 9
50 27 2012 2 41
50 27 2012 5 2
50 27 2012 8 1
52 25 2012 2 28
52 25 2012 5 15
52 25 2012 8 4
52 25 2012 11 4
52 25 2013 2 3
52 25 2013 5 5
52 25 2013 8 1
52 26 2012 5 2
52 27 2012 2 35
52 27 2012 5 6
52 27 2012 8 2
54 25 2012 2 14
54 25 2012 5 6
54 25 2012 8 2
54 25 2013 5 4
54 26 2012 11 1
54 27 2012 2 20
54 27 2012 5 3
54 27 2012 11 1
54 27 2013 5 1
56 25 2012 2 9
56 25 2012 5 2
56 25 2012 8 2
56 25 2012 11 1
56 25 2013 5 1
56 26 2014 8 1
56 27 2012 2 5
56 27 2012 8 1
58 25 2012 2 4
58 25 2012 5 1
58 25 2012 11 1
58 25 2013 5 1
58 27 2012 2 3
58 27 2012 5 2
60 25 2012 2 2
60 25 2012 5 1
60 27 2012 2 1
62 25 2012 2 1
62 25 2012 8 1
64 25 2012 5 1
64 26 2012 8 1
66 25 2012 2 1
76 25 2012 5 1
#
#
#---------------------------------
#  31 - RELEASE REGION    YEAR    MONTH   Tag_program  PTTP
1 2012 8
0 0 0 0 0 0 0 0 0 0 0 0 0 0 0 0 0 0.777231078347617 0 1.55446215669523 5 6.99507970512855 8.54954186182379 20.208008037038 13.2129283319095 14.7673904886047 13.2129283319095 10.8812350968666 6.99507970512855 1.55446215669523 5.44061754843332 1 1.55446215669523 0 1 0 0 0 0 0 0 0 0 0 0 0 0 0 0 0 0 0 0 0 0 0 0 0 0 0 0 0 0 0 0 0 0 0 0 0 0 0 0 0 0 0 0 0 0 0 0 0 0 0 0 0 0 0 0 0 0 0 0 0 0

#
#
# LENGTH RELEASE    FISHERY    RECAP YEAR    RECAP MONTH    NUMBER
48 26 2012 11 1
50 26 2012 11 3
50 26 2013 2 1
50 26 2013 5 1
52 26 2012 11 3
54 26 2012 11 7
56 26 2012 11 13
56 26 2013 5 1
58 26 2012 11 10
58 26 2013 2 1
60 7 2012 11 1
60 26 2012 11 10
60 26 2013 2 3
62 26 2012 11 5
62 26 2013 5 1
64 8 2013 2 1
64 26 2012 11 1
66 26 2012 11 4
68 26 2012 11 1
70 26 2012 11 4
72 26 2012 11 1
74 26 2012 11 1
78 8 2013 5 1
#
#
#---------------------------------
#  32 - RELEASE REGION    YEAR    MONTH   Tag_program  PTTP
1 2012 11
0 0 0 0 0 0 0 0 0 0 0 0 0 0 4.87214908437691 10.4403194665219 68.2100871812767 124.587812300495 169.133175357656 186.533707801859 398.820203621138 636.859487457839 607.626592951577 625.027125395781 352.882797968442 279.10454040502 232.471113454555 155.212749402293 111.363407642901 60.5538529058273 36.8891287817109 15.3124685508989 6.9602129776813 2.08806389330439 0 0.69602129776813 0 0 0 0 0 0 0 0 0 0 0 0 0 0 0 0 0 0 0 0 0 0 0 0 0 0 0 0 0 0 0 0 0 0 0 0 0 0 0 0 0 0 0 0 0 0 0 0 0 0 0 0 0 0 0 0 0 0 0

#
#
# LENGTH RELEASE    FISHERY    RECAP YEAR    RECAP MONTH    NUMBER
42 7 2013 2 1
42 25 2012 11 3
42 25 2013 2 2
42 25 2013 5 4
42 26 2012 11 3
42 26 2014 2 1
42 27 2012 11 1
44 9 2015 5 1
44 25 2012 11 2
44 25 2013 2 2
44 25 2013 5 2
44 25 2013 8 1
44 26 2012 11 26
46 7 2012 11 2
46 7 2016 11 1
46 8 2013 2 1
46 25 2012 11 2
46 25 2013 2 5
46 25 2013 5 1
46 26 2012 11 64
46 26 2013 2 3
46 26 2013 5 2
46 26 2013 11 2
48 8 2012 11 1
48 8 2013 2 1
48 25 2012 11 4
48 25 2013 2 3
48 25 2013 5 1
48 26 2012 11 76
48 26 2013 2 6
48 26 2013 5 5
48 26 2013 8 2
48 26 2014 2 1
48 26 2014 5 1
50 7 2012 11 2
50 25 2012 11 5
50 25 2013 2 12
50 25 2013 5 3
50 25 2014 2 1
50 25 2021 2 1
50 26 2012 11 121
50 26 2013 2 27
50 26 2013 5 16
50 26 2013 8 1
50 26 2013 11 1
50 26 2014 2 1
50 26 2014 5 2
50 28 2012 11 1
52 7 2012 11 4
52 8 2012 11 5
52 8 2013 2 2
52 8 2013 5 2
52 8 2013 8 1
52 8 2014 2 1
52 8 2014 8 1
52 25 2012 11 5
52 25 2013 2 14
52 25 2013 5 5
52 25 2013 8 1
52 26 2012 11 194
52 26 2013 2 39
52 26 2013 5 20
52 26 2013 8 1
52 26 2014 2 3
52 27 2013 2 2
52 28 2012 11 1
52 28 2013 5 1
54 7 2012 11 3
54 8 2013 2 1
54 8 2013 5 2
54 25 2012 11 4
54 25 2013 2 10
54 25 2013 5 2
54 25 2013 8 3
54 25 2013 11 1
54 25 2021 2 1
54 26 2012 11 177
54 26 2013 2 42
54 26 2013 5 23
54 26 2013 11 1
54 26 2014 2 3
54 27 2012 11 1
54 27 2013 2 1
56 7 2012 11 3
56 8 2012 11 3
56 8 2013 2 4
56 8 2013 5 1
56 8 2018 2 1
56 25 2012 11 4
56 25 2013 2 12
56 25 2013 5 1
56 25 2014 2 2
56 26 2012 11 198
56 26 2013 2 56
56 26 2013 5 15
56 26 2013 8 1
56 26 2014 2 2
56 26 2014 5 1
56 28 2012 11 1
58 7 2012 11 1
58 8 2012 11 1
58 8 2013 2 1
58 8 2015 11 1
58 25 2012 11 1
58 25 2013 2 8
58 25 2013 5 1
58 25 2013 8 1
58 26 2012 11 124
58 26 2013 2 25
58 26 2013 5 11
58 26 2014 2 3
58 26 2014 11 1
58 28 2012 11 1
60 8 2013 5 1
60 9 2014 8 1
60 25 2012 11 4
60 25 2013 2 4
60 25 2013 5 3
60 26 2012 11 77
60 26 2013 2 24
60 26 2013 5 11
60 26 2013 8 1
60 26 2014 2 1
62 7 2012 11 1
62 8 2012 11 1
62 8 2013 2 1
62 25 2012 11 2
62 25 2013 2 4
62 26 2012 11 58
62 26 2013 2 18
62 26 2013 5 9
62 26 2013 8 1
62 26 2013 11 1
62 26 2014 2 3
62 26 2014 5 1
64 8 2013 2 1
64 25 2012 11 1
64 25 2013 5 2
64 26 2012 11 40
64 26 2013 2 13
64 26 2013 5 4
64 26 2014 2 1
64 27 2013 8 1
64 28 2012 11 1
66 8 2012 11 1
66 25 2012 11 1
66 25 2013 2 2
66 25 2013 5 1
66 26 2012 11 17
66 26 2013 2 8
66 26 2013 5 3
66 26 2013 8 1
66 28 2012 11 1
68 7 2012 11 1
68 25 2013 5 1
68 26 2012 11 7
68 26 2013 2 4
68 26 2013 5 3
68 26 2013 8 1
70 25 2013 2 1
70 26 2012 11 4
70 26 2013 2 5
70 26 2013 5 1
72 25 2013 2 1
72 26 2012 11 1
#
#
#---------------------------------
#  33 - RELEASE REGION    YEAR    MONTH   Tag_program  PTTP
1 2013 5
0 0 0 0 0 0 0 0 0 0 5.69842267724779 13.1502061782641 42.9573401823295 52.6008247130565 38.135597916966 14.4652267960905 8.76680411884275 11.3968453544956 3.06838144159496 3.94506185347924 1.31502061782641 3.06838144159496 3.06838144159496 3.5067216475371 1.75336082376855 5.69842267724779 6.13676288318992 11.8351855604377 5.69842267724779 3.06838144159496 3.5067216475371 2.19170102971069 1 0.438340205942137 0.438340205942137 0.438340205942137 0 0 0 0 0 0 0 0 0 0 0 0 0 0 0 0 0 0 0 0 0 0 0 0 0 0 0 0 0 0 0 0 0 0 0 0 0 0 0 0 0 0 0 0 0 0 0 0 0 0 0 0 0 0 0 0 0 0 0

#
#
# LENGTH RELEASE    FISHERY    RECAP YEAR    RECAP MONTH    NUMBER
30 25 2014 5 1
32 25 2013 8 2
34 25 2013 8 2
34 25 2013 11 2
36 25 2013 5 1
38 25 2013 5 1
38 25 2013 8 1
38 25 2014 5 1
38 25 2014 8 1
38 27 2013 8 3
38 27 2014 2 1
40 25 2013 5 1
40 25 2013 8 2
40 25 2013 11 1
40 27 2013 5 1
40 27 2013 11 1
42 2 2017 5 1
42 25 2013 5 1
42 25 2013 11 1
44 25 2013 5 2
44 25 2013 8 1
44 27 2013 5 1
48 25 2013 5 1
48 27 2014 5 1
50 25 2013 5 1
60 25 2013 5 1
62 25 2014 5 1
64 9 2015 2 1
66 25 2013 8 1
74 27 2014 5 1
#
#
#---------------------------------
#  34 - RELEASE REGION    YEAR    MONTH   Tag_program  PTTP
1 2013 11
0 0 0 0 0 0 0 0 0 0 0 0 3.12204609149622 6.24409218299243 5.07332489868135 32.7814839607103 170.541767747981 273.179033005919 268.105708107238 141.272585640204 127.223378228471 104.97879982656 43.708645280947 34.3425070064584 16.0004862189181 16.0004862189181 14.049207411733 10.5369055587997 7.41485946730351 10.1466497973627 30.0496936306511 59.3188757384281 59.7091314998652 39.8060876665768 29.6594378692141 28.098414823466 24.9763687319697 25.7568802548438 31.2204609149622 20.6835553561624 18.3420207875403 15.6102304574811 4.68306913724433 1.95127880718514 1.56102304574811 0 0.390255761437027 0 0 0 0 0 0 0 0 0 0 0 0 0 0 0 0 0 0 0 0 0 0 0 0 0 0 0 0 0 0 0 0 0 0 0 0 0 0 0 0 0 0 0 0 0 0 0 0

#
#
# LENGTH RELEASE    FISHERY    RECAP YEAR    RECAP MONTH    NUMBER
34 26 2013 11 1
36 26 2013 11 1
40 8 2014 11 1
40 26 2014 2 2
40 26 2014 5 1
42 8 2014 2 1
42 8 2014 11 1
42 25 2014 2 3
42 25 2014 5 2
42 25 2014 11 1
42 25 2015 5 1
42 26 2013 11 10
42 26 2014 2 3
42 26 2014 5 3
42 26 2014 11 1
42 27 2014 5 2
44 8 2014 2 1
44 8 2014 5 1
44 8 2015 8 1
44 25 2013 11 2
44 25 2014 2 2
44 25 2014 5 4
44 26 2013 11 10
44 26 2014 2 7
44 26 2014 5 12
44 26 2015 2 1
44 26 2016 5 1
44 26 2021 2 1
46 8 2014 11 1
46 9 2015 8 1
46 25 2014 2 8
46 25 2014 5 2
46 25 2014 8 1
46 25 2014 11 1
46 26 2013 11 12
46 26 2014 2 18
46 26 2014 5 10
46 26 2014 11 1
46 26 2015 5 1
46 26 2016 5 2
48 8 2014 5 1
48 8 2014 11 1
48 25 2013 11 3
48 25 2014 2 4
48 25 2014 5 2
48 26 2013 11 6
48 26 2014 2 5
48 26 2014 5 10
48 26 2014 11 1
48 26 2018 8 1
50 8 2014 2 2
50 25 2014 2 3
50 25 2014 5 1
50 26 2013 11 5
50 26 2014 2 7
50 26 2014 5 6
50 26 2015 2 1
50 26 2015 5 1
52 25 2013 11 3
52 25 2014 2 2
52 25 2014 5 1
52 26 2013 11 3
52 26 2014 2 3
52 26 2014 5 5
52 26 2014 11 2
54 25 2013 11 1
54 25 2014 2 2
54 26 2013 11 2
54 26 2014 2 4
54 26 2014 5 4
56 25 2013 11 1
56 25 2014 5 1
56 26 2013 11 3
56 26 2014 2 2
56 26 2014 5 1
56 26 2015 2 1
58 26 2013 11 1
58 26 2014 2 1
60 26 2013 11 2
60 26 2014 2 2
60 26 2014 5 2
62 26 2013 11 1
62 26 2014 5 1
64 25 2014 2 1
64 26 2014 2 1
64 26 2014 5 1
66 26 2014 2 2
68 26 2013 11 1
68 26 2014 2 1
70 25 2014 2 1
70 26 2013 11 1
70 26 2014 2 2
72 8 2014 2 1
72 8 2016 5 1
72 25 2014 2 2
72 25 2014 5 1
72 26 2013 11 3
72 26 2014 2 7
72 26 2014 5 1
74 25 2013 11 1
74 25 2014 8 1
74 26 2013 11 1
74 26 2014 2 2
74 26 2014 5 3
76 8 2015 8 1
76 26 2014 2 3
76 26 2014 5 2
78 25 2014 2 1
78 26 2013 11 3
78 26 2014 2 4
80 25 2014 2 1
80 26 2013 11 1
80 26 2014 2 5
82 25 2013 11 1
82 26 2013 11 2
84 25 2013 11 1
84 25 2014 2 1
84 26 2014 2 3
86 26 2013 11 2
86 26 2014 5 1
88 25 2014 11 1
88 26 2013 11 1
88 26 2014 2 1
90 8 2013 11 1
90 26 2014 2 1
90 26 2014 5 1
#
#
#---------------------------------
#  35 - RELEASE REGION    YEAR    MONTH   Tag_program  PTTP
1 2015 8
0 0 0 0 0 0 0 0 0 0 0 0 0.77798411821549 4.2789126501852 6.22387294572392 9.33580941858589 13.6147220687711 26.4514600193267 27.6184361966499 23.7285156055725 36.9542456152358 26.0624679602189 31.8973488468351 22.950531487357 21.7835553100337 17.1156506007408 8.55782530037039 8.94681735947814 2.72294441375422 4.66790470929294 2.33395235464647 0.77798411821549 1.55596823643098 0.77798411821549 0.77798411821549 0.77798411821549 0.388992059107745 0.77798411821549 0 0 0 0.388992059107745 0 0 0 0 0 0 0 0 0 0 0 0 0 0 0 0 0 0 0 0 0 0 0 0 0 0 0 0 0 0 0 0 0 0 0 0 0 0 0 0 0 0 0 0 0 0 0 0 0 0 0 0 0

#
#
# LENGTH RELEASE    FISHERY    RECAP YEAR    RECAP MONTH    NUMBER
36 26 2015 11 1
42 25 2016 2 1
44 25 2016 11 1
44 25 2017 11 2
44 26 2015 11 2
46 25 2021 8 1
48 25 2016 8 1
48 26 2015 11 2
50 25 2016 2 1
50 25 2016 11 1
50 26 2015 11 1
50 26 2016 5 1
50 26 2017 2 1
56 26 2015 11 1
60 26 2015 11 1
#
#
#---------------------------------
#  36 - RELEASE REGION    YEAR    MONTH   Tag_program  PTTP
1 2015 11
0 0 0 0 0 0 0 0 0 0 0 0.427433541963677 2.56460125178206 0.854867083927354 14.9601739687287 23.9362783499659 18.8070758464018 20.0893764722928 21.7991106401475 16.6699081365834 35.0495504410215 25.6460125178206 59.8406958749148 73.5185692177524 50.0097244097502 23.0814112660386 13.250439800874 5.12920250356412 2.13716770981839 0.854867083927354 0 0 0 1 0 0.854867083927354 1 0.427433541963677 0 0 0 0 0 0 0 0 0 0 0 0 0 0 0 0 0 0 0 0 0 0 0 0 0 0 0 0 0 0 0 0 0 0 0 0 0 0 0 0 0 0 0 0 0 0 0 0 0 0 0 0 0 0 0 0 0

#
#
# LENGTH RELEASE    FISHERY    RECAP YEAR    RECAP MONTH    NUMBER
38 26 2015 11 2
40 26 2015 11 5
42 26 2015 11 4
44 26 2015 11 3
46 26 2015 11 4
48 26 2015 11 1
50 25 2016 11 1
50 26 2015 11 7
52 25 2016 11 1
52 26 2015 11 5
52 26 2016 2 1
52 26 2016 5 1
54 26 2015 11 14
54 26 2016 2 1
56 25 2017 5 1
56 26 2015 11 16
56 26 2016 5 1
58 26 2015 11 11
60 26 2015 11 5
62 26 2015 11 3
64 26 2015 11 1
76 26 2016 2 1
82 26 2015 11 1
#
#
#---------------------------------
#  37 - RELEASE REGION    YEAR    MONTH   Tag_program  PTTP
1 2016 8
0 0 0 0 0 0 0 0 0 0 0 0.528506981256661 0 1.58552094376998 2.64253490628331 19.0262513252398 11.0986466063899 19.0262513252398 42.2805585005329 34.8814607629397 38.0525026504796 60.2497958632594 70.291428507136 56.0217400132061 45.4516003880729 37.523995669223 31.7104188753997 39.6380235942496 24.3113211378064 17.4407303814698 10.5701396251332 5.28506981256661 5.81357679382327 2.11402792502665 1.58552094376998 1.05701396251332 1.05701396251332 2.11402792502665 1.05701396251332 1 2.11402792502665 0 3.17104188753997 0 0 0 0 0 0 0 0 0 0 0 0 0 0 0 0 0 0 0 0 0 0 0 0 0 0 0 0 0 0 0 0 0 0 0 0 0 0 0 0 0 0 0 0 0 0 0 0 0 0 0 0

#
#
# LENGTH RELEASE    FISHERY    RECAP YEAR    RECAP MONTH    NUMBER
36 25 2016 11 1
38 25 2016 11 2
40 25 2016 11 7
40 25 2017 2 1
42 25 2016 11 4
44 25 2016 11 6
44 27 2018 11 1
46 25 2016 11 10
48 25 2016 11 8
48 25 2017 2 1
48 25 2018 8 1
48 26 2017 5 1
50 25 2016 11 7
50 25 2017 2 1
52 25 2016 11 1
52 25 2017 2 3
52 25 2017 5 1
52 25 2017 8 1
52 26 2017 5 1
52 27 2016 11 2
54 25 2016 11 11
54 25 2017 2 3
54 25 2017 5 1
54 25 2017 8 1
56 25 2016 11 12
56 25 2017 2 1
56 25 2017 5 1
56 25 2020 2 1
56 26 2017 2 1
58 25 2016 11 5
58 25 2017 2 3
58 25 2017 5 1
60 25 2016 11 4
60 25 2017 2 1
60 25 2017 5 1
60 26 2018 5 1
62 25 2016 11 3
62 25 2017 2 1
62 25 2017 5 1
64 25 2016 11 4
64 25 2017 2 2
66 25 2016 11 3
68 6 2018 5 1
70 7 2016 11 1
70 25 2016 11 1
72 25 2016 11 1
74 25 2016 11 1
74 25 2017 5 1
74 26 2017 2 1
88 25 2017 2 1
#
#
#---------------------------------
#  38 - RELEASE REGION    YEAR    MONTH   Tag_program  PTTP
1 2016 11
0 0 0 0 0 0 0 0 0 0 0 0 0 0 0 1.17624856507821 0 2 12.3506099333212 19.4081013237905 42.9330726253547 31.1705869745726 39.4043269301201 29.4062141269553 18.2318527587123 15.8793556285559 15.8793556285559 17.0556041936341 9.9981128031648 5.29311854285196 4.11686997777374 1.17624856507821 1.17624856507821 0 1.17624856507821 2.35249713015642 0.588124282539106 0 0.588124282539106 0 0 0.588124282539106 1.17624856507821 0 1 0 0 0 0 0 0 0 0 0 0 0 0 0 0 0 0 0 0 0 0 0 0 0 0 0 0 0 0 0 0 0 0 0 0 0 0 0 0 0 0 0 0 0 0 0 0 0 0 0 0

#
#
# LENGTH RELEASE    FISHERY    RECAP YEAR    RECAP MONTH    NUMBER
40 25 2016 11 1
44 25 2016 11 2
46 25 2016 11 7
48 25 2016 11 12
48 25 2017 5 1
50 25 2016 11 14
50 25 2017 2 1
50 25 2017 5 1
52 25 2016 11 9
52 25 2017 2 2
52 25 2017 11 1
54 25 2016 11 9
54 25 2017 2 1
54 25 2017 11 1
56 25 2016 11 6
56 25 2017 2 1
56 25 2017 11 1
58 25 2016 11 3
58 25 2017 5 1
58 26 2017 8 1
60 25 2016 11 1
60 25 2017 2 1
62 25 2016 11 4
64 25 2016 11 4
66 25 2016 11 1
68 25 2016 11 1
68 25 2017 2 1
70 25 2016 11 1
72 26 2016 11 1
80 25 2017 5 1
98 7 2018 5 1
#
#
#---------------------------------
#  39 - RELEASE REGION    YEAR    MONTH   Tag_program  PTTP
1 2017 11
0 0 0 0 0 0 0 0 0 0 0.672320541707398 0 0 0.672320541707398 0 0 1.3446410834148 2.01696162512219 2.68928216682959 2.01696162512219 2.01696162512219 0 0 0 0 0 0 0 0 0 0 0 0 0 0.672320541707398 0 0 0 0 0 0 0.672320541707398 0 0 0 0 0 0 0 0 0 0 0 0 0 0 0 0 0 0 0 0 0 0 0 0 0 0 0 0 0 0 0 0 0 0 0 0 0 0 0 0 0 0 0 0 0 0 0 0 0 0 0 0 0
#
#
#---------------------------------
#  40 - RELEASE REGION    YEAR    MONTH   Tag_program  PTTP
1 2018 8
0 0 0 0 0 0 0 0 0 0 0 0 1.09456849337832 6.02012671358076 7.66197945364825 9.30383219371573 7.66197945364825 16.965811647364 59.6539828891185 40.4990342549979 16.4185274006748 19.1549486341206 19.7022328808098 18.0603801407423 18.6076643874315 23.5332226076339 15.3239589072965 13.1348219205398 9.85111644040489 2.18913698675664 5.4728424668916 4.37827397351328 6.56741096026992 5.4728424668916 2.7364212334458 1.64185274006748 0.54728424668916 1 1.09456849337832 1 0 0 0 0 0 0 0 0 0 0 0 0 0 0 0 0 0 0 0 0 0 0 0 0 0 0 0 0 0 0 0 0 0 0 0 0 0 0 0 0 0 0 0 0 0 0 0 0 0 0 0 0 0 0 0

#
#
# LENGTH RELEASE    FISHERY    RECAP YEAR    RECAP MONTH    NUMBER
38 25 2019 5 1
38 25 2019 11 1
42 25 2018 11 1
44 25 2018 11 3
44 27 2020 2 1
46 25 2018 8 1
46 25 2018 11 1
46 25 2019 2 1
46 25 2019 5 1
46 26 2018 11 1
50 25 2018 8 1
50 25 2019 2 3
50 26 2019 5 1
52 25 2018 11 1
52 25 2019 5 1
52 26 2018 8 1
52 27 2020 5 1
54 26 2019 2 1
56 25 2018 11 2
58 25 2018 11 1
60 25 2018 8 3
62 25 2018 11 1
64 26 2019 5 1
72 25 2018 11 2
84 25 2018 11 1
88 9 2018 11 1
#
#
#---------------------------------
#  41 - RELEASE REGION    YEAR    MONTH   Tag_program  PTTP
1 2019 8
0 0 0 0 0 0 0 0 0 0 0.525060662864859 0.525060662864859 0.525060662864859 0.525060662864859 0.525060662864859 0.525060662864859 0.525060662864859 0.525060662864859 0 0.525060662864859 0 1.05012132572972 4.20048530291887 23.6277298289187 28.3532757947024 8.40097060583775 4.72554596578373 1.05012132572972 0 0.525060662864859 0 0 0 0 0 0 0 0 0 0 0 0 0 0 0 0 0 0 0 0 0 0 0 0 0 0 0 0 0 0 0 0 0 0 0 0 0 0 0 0 0 0 0 0 0 0 0 0 0 0 0 0 0 0 0 0 0 0 0 0 0 0 0 0 0

#
#
# LENGTH RELEASE    FISHERY    RECAP YEAR    RECAP MONTH    NUMBER
56 25 2019 8 1
56 25 2019 11 1
56 25 2020 2 1
56 25 2020 5 3
56 27 2020 8 1
56 27 2022 5 1
58 25 2019 11 1
58 25 2020 2 3
58 27 2020 2 1
60 7 2019 11 1
60 27 2020 5 1
60 27 2021 2 1
#
#
#---------------------------------
#  42 - RELEASE REGION    YEAR    MONTH   Tag_program  PTTP
1 2020 8
0 0 0 0 0 0 0 0 0 0 11.5712138367313 12.535481656459 50.1419266258358 97.8731837023526 171.157538001651 246.852561850269 212.621054249938 188.996492666612 161.514859804375 142.711637319687 103.176656710854 104.140924530582 81.4806307669832 55.4453996343377 25.0709633129179 11.5712138367313 7.71414255782089 8.6784103775485 5.78560691836567 9.16054428741231 22.6602937635989 12.535481656459 12.0533477465951 6.74987473809328 7.71414255782089 6.74987473809328 8.1962764676847 10.1248121071399 8.6784103775485 24.5888294030541 39.5349806088321 81.962764676847 64.60594392175 33.7493736904664 12.0533477465951 5.78560691836567 2.89280345918283 1.44640172959142 1.44640172959142 2.41066954931903 0.964267819727612 0.482133909863806 0 0 0 0 0 0 0 0 0 0 0 0 0 0 0 0 0 0 0 0 0 0 0 0 0 0 0 0 0 0 0 0 0 0 0 0 0 0 0 0 0 0 0

#
#
# LENGTH RELEASE    FISHERY    RECAP YEAR    RECAP MONTH    NUMBER
30 26 2020 11 1
30 26 2021 8 1
34 9 2023 11 1
34 26 2020 11 1
34 27 2021 5 1
36 25 2020 11 1
36 25 2021 2 1
36 25 2021 8 1
36 25 2022 2 1
36 26 2021 5 1
36 26 2021 11 2
38 3 2023 5 0
38 25 2020 8 1
38 25 2020 11 2
38 25 2021 2 4
38 25 2021 5 1
38 25 2022 5 1
38 26 2020 11 2
38 26 2021 2 3
38 26 2021 5 1
40 25 2020 11 1
40 25 2021 2 10
40 25 2021 5 3
40 25 2021 8 1
40 26 2020 11 7
40 26 2021 2 5
40 26 2021 5 2
40 27 2021 2 1
40 27 2021 5 2
42 25 2020 11 2
42 25 2021 2 10
42 25 2021 5 5
42 25 2021 8 1
42 26 2020 11 3
42 26 2021 2 1
42 26 2021 5 6
42 26 2021 11 1
42 27 2021 5 2
42 28 2022 11 1
44 25 2020 11 8
44 25 2021 2 8
44 25 2021 5 2
44 25 2021 8 1
44 25 2022 5 1
44 25 2023 2 2
44 26 2020 11 6
44 26 2021 2 2
44 26 2021 5 2
44 27 2020 11 1
44 27 2021 5 1
44 27 2021 11 1
44 28 2022 11 1
46 25 2020 8 1
46 25 2020 11 5
46 25 2021 2 5
46 25 2021 5 2
46 25 2021 8 1
46 26 2020 11 5
46 26 2021 5 7
48 8 2020 8 1
48 25 2020 11 3
48 25 2021 2 3
48 25 2021 5 1
48 25 2021 11 1
48 25 2023 2 1
48 26 2020 11 4
48 26 2021 2 6
48 26 2021 5 2
48 26 2022 2 1
48 27 2021 2 1
50 25 2020 11 3
50 25 2021 2 6
50 25 2021 5 2
50 25 2021 8 1
50 25 2022 2 1
50 25 2022 11 1
50 26 2020 11 3
50 26 2021 2 2
50 26 2021 5 1
50 26 2021 8 1
50 27 2021 5 1
50 28 2022 11 1
52 25 2020 11 7
52 25 2021 2 1
52 25 2021 5 1
52 25 2022 11 1
52 26 2020 11 2
52 26 2021 2 7
52 26 2021 5 3
52 26 2021 8 1
52 26 2021 11 1
54 25 2020 11 3
54 25 2021 2 4
54 25 2021 5 1
54 26 2020 11 2
54 26 2021 2 8
54 26 2021 5 1
54 26 2021 11 1
54 27 2021 2 1
54 27 2021 5 1
54 27 2022 8 1
56 25 2020 8 1
56 25 2020 11 3
56 25 2021 2 1
56 25 2022 5 1
56 26 2020 11 2
56 26 2021 2 3
56 26 2021 5 3
58 26 2020 11 1
58 26 2021 5 1
60 25 2020 11 1
60 26 2020 11 1
64 26 2020 11 2
64 26 2021 5 2
66 26 2021 5 1
68 26 2020 11 1
68 26 2021 2 1
68 26 2021 5 2
70 26 2021 2 1
72 8 2020 8 1
72 25 2021 2 1
74 25 2021 2 1
74 26 2021 8 1
76 25 2020 11 1
76 26 2020 11 1
76 26 2021 5 1
78 25 2021 2 1
78 26 2021 2 2
80 26 2020 11 3
80 28 2022 11 1
82 25 2021 5 1
82 26 2020 11 1
82 26 2023 11 1
84 26 2021 5 1
86 26 2021 5 1
88 25 2020 11 2
88 26 2021 2 2
90 26 2020 11 1
90 26 2021 2 1
92 26 2020 11 1
92 26 2021 2 4
92 26 2021 5 3
92 26 2022 2 1
94 26 2020 11 2
94 26 2021 2 2
94 26 2022 11 1
96 26 2021 2 1
98 26 2020 11 1
#
#
#---------------------------------
#  43 - RELEASE REGION    YEAR    MONTH   Tag_program  PTTP
1 2020 11
0 0 0 0 0 0 0 0 0 0 0 0 0 0 0 0 0 0 0 0 0 0 0 0 0 0 0 0.73738005078423 0.73738005078423 0.73738005078423 0.73738005078423 0 0 0 0 0 0 0 0 0 0 0 0.73738005078423 0 0 0 0.73738005078423 0 0 0 0 0.73738005078423 0.73738005078423 0.73738005078423 2.21214015235269 0.73738005078423 0 2.94952020313692 6.63642045705807 0.73738005078423 0.73738005078423 0.73738005078423 0 0 0.73738005078423 0 0 0.73738005078423 0 0 0 0 0 0 0 0 0 0 0 0 0 0 0 0 0 0 0 0 0 0 0 0 0 0 0
#
#
#---------------------------------
#  44 - RELEASE REGION    YEAR    MONTH   Tag_program  PTTP
1 2021 8
0 0 0 0 0 0 0 0 0 0 0 0.534343061829656 4.27474449463725 31.5262406479497 61.9837951722401 153.890801806941 72.1363133470036 14.4272626694007 49.693904750158 89.7696343873823 101.525181747635 269.843246223976 288.545253388014 290.148282573503 239.385691699686 229.767516586752 380.986603084545 426.405763340066 299.232114624608 190.226130011358 90.8383205110416 56.1060214921139 40.0757296372242 20.3050363495269 13.3585765457414 8.5494889892745 8.01514592744484 3.20605837097794 3.74040143280759 0.534343061829656 0.534343061829656 1.06868612365931 1.06868612365931 0.534343061829656 0.534343061829656 0 0 0 0.534343061829656 0 0 0 0 0 0 0 0 0 0 0 0 0 0 0 0 0 0 0 0 0 0 0 0 0 0 0 0 0 0 0 0 0 0 0 0 0 0 0 0 0 0 0 0 0 0

#
#
# LENGTH RELEASE    FISHERY    RECAP YEAR    RECAP MONTH    NUMBER
36 25 2021 8 1
36 25 2022 8 1
36 26 2021 11 1
38 25 2021 11 4
38 25 2022 5 1
38 25 2023 2 1
38 26 2021 11 1
38 26 2022 2 2
40 25 2021 8 1
40 25 2021 11 6
40 25 2022 2 3
40 25 2022 5 2
40 25 2022 8 2
40 26 2021 8 2
40 26 2021 11 3
40 26 2022 2 11
40 26 2022 5 1
40 26 2022 11 2
40 26 2023 2 1
40 27 2021 11 1
40 27 2022 2 1
40 27 2023 8 1
42 25 2021 11 3
42 25 2022 2 2
42 26 2021 11 3
42 26 2022 2 6
42 26 2022 5 3
42 26 2023 11 1
42 27 2021 11 1
44 25 2021 11 1
44 26 2021 11 1
46 25 2021 8 7
46 25 2021 11 5
46 26 2021 8 1
46 26 2021 11 2
46 26 2022 5 1
48 25 2021 8 8
48 25 2021 11 7
48 25 2022 2 2
48 25 2023 2 1
48 26 2021 8 1
48 26 2021 11 6
48 26 2022 2 2
48 26 2022 11 2
50 25 2021 8 13
50 25 2021 11 6
50 25 2022 2 1
50 25 2022 8 1
50 25 2023 2 1
50 26 2021 8 6
50 26 2021 11 4
50 26 2022 2 2
50 26 2022 5 2
52 3 2024 2 0
52 25 2021 8 8
52 25 2021 11 15
52 25 2022 2 4
52 25 2022 5 1
52 25 2022 11 1
52 25 2023 2 1
52 26 2021 8 21
52 26 2021 11 9
52 26 2022 2 15
52 26 2022 5 4
52 26 2022 8 2
52 26 2022 11 1
52 28 2022 11 2
54 25 2021 8 8
54 25 2021 11 22
54 25 2022 2 6
54 25 2022 5 2
54 25 2022 8 2
54 26 2021 8 12
54 26 2021 11 19
54 26 2022 2 19
54 26 2022 5 7
54 26 2022 11 1
54 27 2022 2 4
56 25 2021 8 13
56 25 2021 11 18
56 25 2022 2 8
56 25 2022 5 2
56 25 2022 8 1
56 25 2023 2 1
56 26 2021 8 14
56 26 2021 11 10
56 26 2022 2 15
56 26 2022 5 5
56 26 2022 11 2
56 26 2023 2 1
56 27 2022 8 1
56 28 2022 11 1
58 25 2021 8 5
58 25 2021 11 14
58 25 2022 2 6
58 25 2022 8 2
58 25 2023 2 1
58 25 2023 5 1
58 25 2023 11 1
58 25 2024 8 1
58 26 2021 8 1
58 26 2021 11 7
58 26 2022 2 17
58 26 2022 5 9
58 27 2022 2 1
58 28 2022 11 1
60 25 2021 8 6
60 25 2021 11 8
60 25 2022 2 3
60 25 2022 5 2
60 25 2022 8 1
60 25 2022 11 1
60 26 2021 8 7
60 26 2021 11 11
60 26 2022 2 21
60 26 2022 5 7
60 26 2022 11 1
60 27 2022 2 2
62 25 2021 8 8
62 25 2021 11 17
62 25 2022 2 4
62 25 2022 5 2
62 25 2023 2 2
62 26 2021 8 9
62 26 2021 11 30
62 26 2022 2 48
62 26 2022 5 14
62 26 2022 11 5
62 27 2022 2 3
64 8 2021 8 2
64 8 2022 5 1
64 25 2021 8 6
64 25 2021 11 20
64 25 2022 2 2
64 25 2022 5 4
64 25 2022 8 1
64 25 2022 11 1
64 25 2023 2 2
64 25 2023 11 1
64 26 2021 8 4
64 26 2021 11 23
64 26 2022 2 54
64 26 2022 5 22
64 26 2022 11 2
64 26 2023 11 1
64 27 2023 8 1
64 28 2022 11 2
64 28 2023 2 1
66 25 2021 8 4
66 25 2021 11 10
66 25 2022 2 4
66 25 2022 5 1
66 25 2022 8 2
66 25 2022 11 2
66 25 2023 2 1
66 26 2021 8 1
66 26 2021 11 25
66 26 2022 2 38
66 26 2022 5 7
66 26 2022 11 3
66 27 2022 2 2
68 25 2021 8 2
68 25 2021 11 3
68 25 2022 5 1
68 25 2023 8 1
68 26 2021 8 3
68 26 2021 11 14
68 26 2022 2 19
68 26 2022 5 5
68 26 2022 11 1
68 27 2022 2 1
68 28 2021 8 1
70 25 2021 8 1
70 25 2021 11 2
70 26 2021 11 5
70 26 2022 2 10
70 26 2022 5 2
70 26 2023 2 1
72 25 2021 8 1
72 25 2021 11 3
72 26 2021 8 1
72 26 2021 11 2
72 26 2022 2 3
72 26 2022 5 1
74 8 2021 8 1
74 25 2021 11 2
74 26 2021 11 2
74 26 2022 2 5
76 26 2021 11 1
76 26 2022 2 1
78 26 2021 11 1
78 26 2022 2 1
80 26 2021 11 1
86 26 2022 2 1
92 26 2021 11 1
#
#
#---------------------------------
#  45 - RELEASE REGION    YEAR    MONTH   Tag_program  JPTP
1 2000 5
0 0 0 0 0 0 0 0 2.52421442089266 1.26210721044633 0.631053605223164 1.26210721044633 0 1.89316081566949 0 1.26210721044633 11.3589648940169 44.1737523656215 50.4842884178531 29.6595194454887 29.0284658402655 40.3874307342825 15.1452865253559 3.15526802611582 2.52421442089266 2.52421442089266 0.631053605223164 0 1.26210721044633 1 0 0 0.631053605223164 0 0 0 0 0 0 0 0 0 0 0 0 0 0 0 0 0 0 0 0 0 0 0 0 0 0 0 0 0 0 0 0 0 0 0 0 0 0 0 0 0 0 0 0 0 0 0 0 0 0 0 0 0 0 0 0 0 0 0 0 0 0

#
#
# LENGTH RELEASE    FISHERY    RECAP YEAR    RECAP MONTH    NUMBER
42 13 2000 5 1
42 13 2000 8 3
42 13 2000 11 1
44 1 2000 5 1
44 13 2000 5 5
44 13 2000 8 3
44 13 2000 11 1
46 1 2000 11 1
46 13 2000 5 12
46 13 2000 8 4
48 13 2000 5 6
50 13 2000 5 10
50 13 2000 8 4
52 13 2000 5 13
52 13 2000 8 1
54 12 2001 5 1
54 13 2000 5 1
54 13 2001 5 1
56 13 2000 5 1
60 13 2000 5 1
66 13 2000 5 1
68 13 2000 8 1
#
#
#---------------------------------
#  46 - RELEASE REGION    YEAR    MONTH   Tag_program  JPTP
1 2000 11
0 0 0 0 0 0 0 0 0 0 0 0 0.230810017252856 1.84648013802285 0.923240069011423 1.38486010351713 0.461620034505712 0 0 0 0.230810017252856 1 0.692430051758567 1.61567012076999 2.0772901552757 1.84648013802285 1 0.230810017252856 0.461620034505712 0.461620034505712 0.230810017252856 0 0 0 0 0 0 0 0.230810017252856 0 0.230810017252856 0 0 0 0 0 0 0 0 0 0 0 0 0 0 0.230810017252856 0 0 0 0 0 0 0 0 0 0 0 0 0 0 0 0 0 0 0 0 0 0 0 0 0 0 0 0 0 0 0 0 0 0 0 0 0 0 0

#
#
# LENGTH RELEASE    FISHERY    RECAP YEAR    RECAP MONTH    NUMBER
52 13 2001 11 1
56 13 2000 11 1
62 13 2000 11 1
#
#
#---------------------------------
#  47 - RELEASE REGION    YEAR    MONTH   Tag_program  JPTP
1 2001 5
0 0 0 0 0 0 0 0.461620034505712 0 0.461620034505712 0 0 0.461620034505712 0 0 0.461620034505712 0.461620034505712 5.07782037956283 7.8475405865971 14.7718411041828 18.0031813457228 9.69402072461994 7.38592055209139 2.76972020703427 1.38486010351713 1.38486010351713 0.461620034505712 0 0 0.461620034505712 0.923240069011423 0.461620034505712 0.461620034505712 0 0 0 0 0 0 0.461620034505712 0 0 0 0 0 0 0 0 0 0 0 0 0 0 0 0 0 0 0 0 0 0 0 0 0 0 0 0 0 0 0 0 0 0 0 0 0 0 0 0 0 0 0 0 0 0 0 0 0 0 0 0 0 0 0

#
#
# LENGTH RELEASE    FISHERY    RECAP YEAR    RECAP MONTH    NUMBER
44 13 2001 5 1
46 13 2001 5 1
46 13 2001 11 1
48 13 2001 5 1
48 13 2002 2 1
50 13 2001 5 1
50 13 2002 2 1
52 1 2001 11 1
52 13 2001 5 1
54 13 2001 8 1
54 13 2001 11 1
58 13 2001 5 1
#
#
#---------------------------------
#  48 - RELEASE REGION    YEAR    MONTH   Tag_program  JPTP
1 2001 8
0 0 0 0 0 0 0 0 0 0.336597941827081 1.68298970913541 2.35618559278957 2.35618559278957 1.00979382548124 0.336597941827081 0 0.673195883654163 0.336597941827081 0.673195883654163 0 1.00979382548124 1.34639176730833 1.34639176730833 2.69278353461665 6.39536089471455 13.4639176730833 12.7907217894291 11.4443300221208 3.36597941827081 1.00979382548124 0.336597941827081 0 0.673195883654163 0 0 0 0 0 0 0 0 0 0 0 0 0 0 0 0 0 0 0 0 0 0 0 0 0 0 0 0 0 0 0 0 0 0 0 0 0 0 0 0 0 0 0 0 0 0 0 0 0 0 0 0 0 0 0 0 0 0 0 0 0 0

#
#
# LENGTH RELEASE    FISHERY    RECAP YEAR    RECAP MONTH    NUMBER
54 4 2005 5 1
56 13 2001 11 1
58 13 2002 5 1
60 13 2001 11 3
62 13 2001 11 1
#
#
#---------------------------------
#  49 - RELEASE REGION    YEAR    MONTH   Tag_program  JPTP
1 2001 11
0 0 0 0 0 0 0 0 0 0 2.05164459780316 3.07746689670474 2.05164459780316 2.05164459780316 0.512911149450791 1.53873344835237 3.07746689670474 1.02582229890158 0 0 0 0 0 0 0 0 0.512911149450791 0 0 0 0 0 0 0 0 0 0 0 0 0 0 0 0 0 0 0 0 0 0 0 0 0 0 0 0 0 0 0 0 0 0 0 0 0 0 0 0 0 0 0 0 0 0 0 0 0 0 0 0 0 0 0 0 0 0 0 0 0 0 0 0 0 0 0 0

#
#
# LENGTH RELEASE    FISHERY    RECAP YEAR    RECAP MONTH    NUMBER
30 13 2001 11 1
32 13 2002 2 1
#
#
#---------------------------------
#  50 - RELEASE REGION    YEAR    MONTH   Tag_program  JPTP
1 2002 5
0 0 0 0 0 0 0 0 0 0 0 0.448797255769442 0 0 0 0.448797255769442 0 0 1.34639176730833 5.3855670692333 24.2350518115499 22.4398627884721 17.0542957192388 2.69278353461665 0.448797255769442 0 0 0 0 0 0 0 0 0 0.448797255769442 0.448797255769442 0 0 0 0 0 0 0.448797255769442 0.448797255769442 0.897594511538884 0.448797255769442 0.897594511538884 0.448797255769442 0 0 0 0 0 0 0 0 0 0 0 0 0 0 0 0 0 0 0 0 0 0 0 0 0 0 0 0 0 0 0 0 0 0 0 0 0 0 0 0 0 0 0 0 0 0 0

#
#
# LENGTH RELEASE    FISHERY    RECAP YEAR    RECAP MONTH    NUMBER
50 12 2004 5 1
50 13 2004 5 1
52 12 2003 5 1
52 13 2002 5 1
52 13 2002 8 1
54 13 2002 5 1
54 13 2002 8 1
#
#
#---------------------------------
#  51 - RELEASE REGION    YEAR    MONTH   Tag_program  JPTP
1 2003 2
0 0 0 0 0 0 0 0 0 0 0 0 0 0 0.549547660125847 1.09909532025169 0 0 0.549547660125847 1.64864298037754 3.84683362088093 4.94592894113262 6.04502426138432 6.04502426138432 2.74773830062924 0 0 1.09909532025169 0 0.549547660125847 1 0 0 0 0 0 0 0 0 0 0 0 0 0 0 0 0 0 0 0 0 0 0 0 0 0 0 0 0 0 0 0 0 0 0 0 0 0 0 0 0 0 0 0 0 0 0 0 0 0 0 0 0 0 0 0 0 0 0 0 0 0 0 0 0

#
#
# LENGTH RELEASE    FISHERY    RECAP YEAR    RECAP MONTH    NUMBER
40 13 2003 5 1
48 13 2003 5 1
50 13 2003 5 1
54 13 2003 5 2
56 13 2003 5 3
58 13 2003 5 1
70 13 2003 5 1
#
#
#---------------------------------
#  52 - RELEASE REGION    YEAR    MONTH   Tag_program  JPTP
1 2003 5
0 0 0 0 0 0 0 0 0 0 0.400070696571617 0 0 0 0 0 0 0.800141393143234 1.60028278628647 2.4004241794297 7.2012725382891 18.803322738866 38.4067868708752 18.4032520422944 13.602403683435 6.40113114514587 1.20021208971485 0.400070696571617 0.400070696571617 0.400070696571617 0 0 0.400070696571617 0 0.400070696571617 0 0 0 0.400070696571617 0 0 0 0 0.400070696571617 1 0 0 0 0.400070696571617 0.400070696571617 0.400070696571617 0 0 0 0 0 0 0 0 0 0.400070696571617 0 0 0 0 0 0 0 0 0 0 0 0 0 0 0 0 0 0 0 0 0 0 0 0 0 0 0 0 0 0 0 0 0 0

#
#
# LENGTH RELEASE    FISHERY    RECAP YEAR    RECAP MONTH    NUMBER
50 13 2003 5 1
52 1 2005 2 1
54 1 2004 2 1
54 13 2003 5 5
54 13 2004 11 1
56 13 2003 5 1
58 13 2003 5 1
60 13 2003 5 1
98 1 2003 11 1
#
#
#---------------------------------
#  53 - RELEASE REGION    YEAR    MONTH   Tag_program  JPTP
1 2004 5
0 0 0 0 0 0 0 0 0 0 0.427425957875659 0 0 0 0 1.28227787362698 1.28227787362698 0.854851915751318 2.13712978937829 11.5405008626428 15.8147604413994 10.2582229890158 2.99198170512961 0.854851915751318 0.427425957875659 0 0 0 0 0 0 0.427425957875659 0 0 0 0 0 0 0 0 0 0 0 0 0 0 0 0 0 0 0 0 0 0 0 0 0 0 0 0 0 0 0 0 0 0 0 0 0 0 0 0 0 0 0 0 0 0 0 0 0 0 0 0 0 0 0 0 0 0 0 0 0 0 0

#
#
# LENGTH RELEASE    FISHERY    RECAP YEAR    RECAP MONTH    NUMBER
42 1 2007 2 1
48 1 2010 2 1
50 1 2008 11 1
52 1 2006 8 1
52 13 2005 5 1
#
#
#---------------------------------
#  54 - RELEASE REGION    YEAR    MONTH   Tag_program  JPTP
1 2004 8
0 0 0 0 0 0 0 0 0 0 0.769366724176186 0 0 0.769366724176186 3.84683362088093 3.84683362088093 1.53873344835237 0 0.769366724176186 0 0 0 1.53873344835237 3.07746689670474 0 0 0 0 0 0 0 0 0 0 0 0 0 0 0 0 0 0 0 0 0 0 0 0 0 0 0 0 0 0 0 0 0 0 0 0 0 0 0 0 0 0 0 0 0 0 0 0 0 0 0 0 0 0 0 0 0 0 0 0 0 0 0 0 0 0 0 0 0 0 0
#
#
#---------------------------------
#  55 - RELEASE REGION    YEAR    MONTH   Tag_program  JPTP
1 2004 11
0 0 0 0 0 0 0 0 0 0 0 1.15405008626428 1.15405008626428 1.15405008626428 0 0.57702504313214 0 1.73107512939642 0 1.15405008626428 0 0 0 1 0 0 0 0 0 0 0 0 0 0 0 0 0 0 0 0 0 0 0 0 0 0 0 0 0 0 0 0 0 0 0 1.15405008626428 0 1.15405008626428 0 0 0 0 0 0 0.57702504313214 0 0 0 0 0 0 0 0 0 0 0 0 0 0 0 0 0 0 0 0 0 0 0 0 0 0 0 0 0 0

#
#
# LENGTH RELEASE    FISHERY    RECAP YEAR    RECAP MONTH    NUMBER
48 13 2005 5 1
56 13 2005 5 1
120 1 2009 5 1
#
#
#---------------------------------
#  56 - RELEASE REGION    YEAR    MONTH   Tag_program  JPTP
1 2005 2
0 0 0 0 0 0 0 0 0 0 0 0 0 0 0 0 0 0.769366724176186 0 0 0 0.769366724176186 0 0 0 0 0 0 0.769366724176186 3.84683362088093 4.61620034505712 0.769366724176186 0 3.07746689670474 0 3.07746689670474 1.53873344835237 1.53873344835237 1.53873344835237 0 0 0 0 0 0 0 0 0 0 0 0 0 0 0 0 0 0 0 0 0 0 0 0 0 0 0 0 0 0 0 0 0 0 0 0 0 0 0 0 0 0 0 0 0 0 0 0 0 0 0 0 0 0 0 0
#
#
#---------------------------------
#  57 - RELEASE REGION    YEAR    MONTH   Tag_program  JPTP
1 2005 5
0 0 0 0 0 0 0 0 0 0 0 0 0 0 0 0 0.153873344835237 1.84648013802285 4.1545803105514 2.92359355186951 2.61584686219903 3.38521358637522 3.38521358637522 4.77007368989235 5.3855670692333 3.23134024153998 2.15422682769332 0.615493379340949 0.153873344835237 0.153873344835237 0 0 0 0 0 0 0 0 0 0 0 0 0 0 0 0 0 0 0 0 0 0 0 0 0 0 0 0 0 0 0 0 0 0 0 0 0 0 0 0 0 0 0 0 0 0 0 0 0 0 0 0 0 0 0 0 0 0 0 0 0 0 0 0 0

#
#
# LENGTH RELEASE    FISHERY    RECAP YEAR    RECAP MONTH    NUMBER
52 13 2005 11 1
58 13 2006 5 1
#
#
#---------------------------------
#  58 - RELEASE REGION    YEAR    MONTH   Tag_program  JPTP
1 2005 8
0 0 0 0 0 0 0 0 0.609081989972814 0 1.21816397994563 2.43632795989126 2.43632795989126 11.5725578094835 23.1451156189669 7.30898387967377 3.04540994986407 3.65449193983688 3.04540994986407 1.21816397994563 3.04540994986407 0 7.91806586964658 6.69990188970095 3.04540994986407 6.69990188970095 1.21816397994563 1.82724596991844 4.2635739298097 8.5271478596194 3.65449193983688 3.65449193983688 3.04540994986407 3.04540994986407 2.43632795989126 4.2635739298097 1.82724596991844 1.21816397994563 0 0 0 0 0 0 0 0 0 0 0 0 0 0 0 0 0 0 0 0 0 0 0 0 0 0 0 0 0 0 0 0 0 0 0 0 0 0 0 0 0 0 0 0 0 0 0 0 0 0 0 0 0 0 0 0 0

#
#
# LENGTH RELEASE    FISHERY    RECAP YEAR    RECAP MONTH    NUMBER
34 27 2005 8 1
36 27 2005 8 1
38 27 2005 8 6
40 27 2005 8 2
42 27 2005 8 1
44 27 2005 8 1
54 27 2005 8 3
58 1 2006 11 1
58 27 2005 8 1
60 27 2005 8 1
80 27 2005 8 1
#
#
#---------------------------------
#  59 - RELEASE REGION    YEAR    MONTH   Tag_program  JPTP
1 2006 5
0 0 0 0 0 0 0 0 0 0 0 0 0 0 0 0 0 0.641138936813488 9.61708405220232 15.3873344835237 28.851252156607 19.8753070412181 8.97594511538884 1.92341681044046 1.28227787362698 0 0 0 0 0 0 0 0 0 0 0.641138936813488 0 0.641138936813488 0 0 0.641138936813488 1.28227787362698 0.641138936813488 0.641138936813488 0 0 0 0 0 0 0 0 0 0 0 1 0 0 0 0 0 0 0 0 0 0 0 0 0 0 0 0 0 0 0 0 0 0 0 0 0 0 0 0 0 0 0 0 0 0 0 0 0 0 0

#
#
# LENGTH RELEASE    FISHERY    RECAP YEAR    RECAP MONTH    NUMBER
46 13 2007 5 1
52 1 2008 5 1
52 4 2010 2 1
52 12 2006 8 1
120 13 2007 5 1
#
#
#---------------------------------
#  60 - RELEASE REGION    YEAR    MONTH   Tag_program  JPTP
1 2006 8
0 0 0 0 0 0 0 0 0 0 6.34727547445353 6.92430051758567 4.61620034505712 4.03917530192498 3.46215025879284 7.50132556071781 9.23240069011423 3.46215025879284 2.30810017252856 0.57702504313214 0 0 4.03917530192498 3.46215025879284 3.46215025879284 3.46215025879284 3.46215025879284 4.61620034505712 1.73107512939642 0.57702504313214 0 0 0 0 0 0 0 0 0 0 0 0 0 0 0 0 0 0 0 0 0 0 0 0 0 0 0 0 0 0 0 0 0 0 0 0 0 0 0 0 0 0 0 0 0 0 0 0 0 0 0 0 0 0 0 0 0 0 0 0 0 0 0 0 0
#
#
#---------------------------------
#  61 - RELEASE REGION    YEAR    MONTH   Tag_program  JPTP
1 2006 11
0 0 0 0 0 0 0 0 0 0.769366724176186 1.53873344835237 0 1.53873344835237 1.53873344835237 3.84683362088093 0 0 0 0 0 0 0 0 0 0 0 0 0 0 0 0 0 0 0 0 0 0 0 0 0 0 0 0 0 0.769366724176186 0 0.769366724176186 2.30810017252856 0.769366724176186 0 0 0.769366724176186 1.53873344835237 1.53873344835237 0 0 0 0 0 0 0 0 0 0.769366724176186 0 0 0.769366724176186 0 0 0.769366724176186 0 0 0 0 0 0 0 0.769366724176186 0 0 0 0 0 0 0 0 0 0 0 0 0 0 0 0 0
#
#
#---------------------------------
#  62 - RELEASE REGION    YEAR    MONTH   Tag_program  JPTP
1 2007 5
0 0 0 0 0 0 0 0 0 0 1 0.716909902073264 0 0 0 0 0 0 1.43381980414653 2.15072970621979 6.45218911865938 5.73527921658611 10.753648531099 9.31982872695244 7.16909902073264 1.43381980414653 0 0 0 0.716909902073264 3 8.60291882487917 8.60291882487917 3.58454951036632 1 2.15072970621979 0.716909902073264 0.716909902073264 0 0 0 0 0 0 0.716909902073264 0 0 1.43381980414653 0 0 0 0 0 0 0 0 0 0 0 0 0 0 0 0 0 0 0 0 0 0 0 0 0 0 0 0 0 0 0 0 0 0 0 0 0 0 0 0 0 0 0 0 0 0 0
#
#
#---------------------------------
#  63 - RELEASE REGION    YEAR    MONTH   Tag_program  JPTP
1 2007 8
0 0 0 0 0 0 0 0 0 0 0 0.341940766300527 0.256455574725395 0.341940766300527 0.170970383150264 0.0854851915751318 0 0.0854851915751318 0.0854851915751318 0.0854851915751318 0.341940766300527 1.11130749047671 2.90649651355448 2.99198170512961 1 0.427425957875659 0.0854851915751318 0.170970383150264 0.0854851915751318 0.0854851915751318 0 0.0854851915751318 0 0 0 0 0 0 0 0 0 0 0 0 0 0 0 0 0 0 0 0 0 0 0 0 0 0 0 0 0 0 0 0 0 0 0 0 0 0 0 0 0 0 0 0 0 0 0 0 0 0 0 0 0 0 0 0 0 0 0 0 0 0 0

#
#
# LENGTH RELEASE    FISHERY    RECAP YEAR    RECAP MONTH    NUMBER
54 1 2007 11 1
58 13 2007 8 1
#
#
#---------------------------------
#  64 - RELEASE REGION    YEAR    MONTH   Tag_program  JPTP
1 2008 5
0 0 0 0 0 0 0 0 0 0 0 0 0 0 0 0 0.769366724176186 0.769366724176186 16.9260679318761 26.1584686219903 3.84683362088093 2.30810017252856 1.53873344835237 2.30810017252856 2.30810017252856 3.07746689670474 2.30810017252856 1.53873344835237 2.30810017252856 0 0 0.769366724176186 0 0 0.769366724176186 0.769366724176186 0 0 0 0 0 0 0 0 0 0 0 0 0 0 0 0 0 0 0 0 0 0 0 0 0 0 0 0 0 0 0 0 0 0 0 0 0 0 0 0 0 0 0 0 0 0 0 0 0 0 0 0 0 0 0 0 0 0 0
#
#
#---------------------------------
#  65 - RELEASE REGION    YEAR    MONTH   Tag_program  JPTP
1 2008 8
0 0 0 0 0 0 0 0 0 0 0 0 1.36343470107172 0 0 0.681717350535861 0 0 0 2.72686940214344 5.45373880428689 14.3160643612531 95.4404290750205 134.9800354061 115.210232240561 81.1243647137675 57.2642574450123 46.3567798364385 25.2235419698269 15.6794990623248 5.45373880428689 2.72686940214344 4.09030410321517 6.81717350535861 6.81717350535861 9.54404290750205 6.13545615482275 5.45373880428689 0 1.36343470107172 0.681717350535861 0.681717350535861 0 0 0.681717350535861 0 0 0 0.681717350535861 0.681717350535861 0 0 0 0 0 0 0 0 0 0 0 0 0 0 0 0 0 0 0 0 0 0 0 0 0 0 0 0 0 0 0 0 0 0 0 0 0 0 0 0 0 0 0 0 0
#
#
#---------------------------------
#  66 - RELEASE REGION    YEAR    MONTH   Tag_program  JPTP
1 2008 11
0 0 0 0 0 0 0 0 0 0 0 0.769366724176186 0 0.769366724176186 1.53873344835237 0.769366724176186 0.769366724176186 0.769366724176186 0 0 0 0 0 0 0 1.53873344835237 1.53873344835237 0.769366724176186 0.769366724176186 0 0 0 0 0 0 0 0 0 0 0 0 0.769366724176186 2.30810017252856 6.15493379340949 3.07746689670474 2.30810017252856 0 3.07746689670474 2.30810017252856 2.30810017252856 1.53873344835237 0 2.30810017252856 0 0 0 0 0.769366724176186 0.769366724176186 0.769366724176186 1.53873344835237 0.769366724176186 0 1 0.769366724176186 0.769366724176186 0.769366724176186 0.769366724176186 0 0 0 0 0 0 0 0 0 0 0.769366724176186 0 0 0 0 0 0 0 0 0 0 0 0 0 0 0 0
#
#
#---------------------------------
#  67 - RELEASE REGION    YEAR    MONTH   Tag_program  JPTP
1 2009 5
0 0 0 0 0 0 0 0 0 0 0 0 0 0 0 0 0.769366724176186 0.769366724176186 3.84683362088093 9.23240069011423 11.5405008626428 14.6179677593475 16.1567012076999 13.0792343109952 3.84683362088093 0 1 0 0 0 0 0 0 0 0 0 0 0.769366724176186 0 0 0 0 0 0 0 0.769366724176186 0 0 0 0 0 0 0 0 0 0 0 0 0 0 0 0 0 0 0 0 0 0 0 0 0 0 0 0 0 0 0 0 0 0 0 0 0 0 0 0 0 0 0 0 0 0 0 0 0
#
#
#---------------------------------
#  68 - RELEASE REGION    YEAR    MONTH   Tag_program  JPTP
1 2009 8
0 0 0 0 0 0 0 0 0 0 0.39454703803907 0.39454703803907 1.18364111411721 0.39454703803907 0.789094076078139 0.39454703803907 0.39454703803907 0.789094076078139 0.789094076078139 1.97273519019535 16.96552263568 86.8003483685953 87.5894424446735 29.5910278529302 7.49639372274232 1.18364111411721 2.76182926627349 1.57818815215628 0 0 0 0 0 0 0 0 0 0 0 0 0 0 0 0 0 0 0 0 0 0 0 0 0 0 0 0 0 0 0 0 0 0 0 0 0 0 0 0 0 0 0 0 0 0 0 0 0 0 0 0 0 0 0 0 0 0 0 0 0 0 0 0 0 0 0
#
#
#---------------------------------
#  69 - RELEASE REGION    YEAR    MONTH   Tag_program  JPTP
1 2010 5
0 0 0 0 0 0 0 0 0 0 0 0 0 0 0 0 0 0 0 0 1.53873344835237 2.30810017252856 10.0017674142904 5.3855670692333 2.30810017252856 3.84683362088093 4.61620034505712 0.769366724176186 0 2.30810017252856 0.769366724176186 3.07746689670474 1.53873344835237 1.53873344835237 2.30810017252856 0 0 0 0 0 0 0 0 0 0 0 0 0 0 0 0 0 0 0 0 0 0 0 0 0 0 0 0 0 0 0 0 0 0 0 0 0 0 0 0 0 0 0 0 0 0 0 0 0 0 0 0 0 0 0 0 0 0 0 0
#
#
#---------------------------------
#  70 - RELEASE REGION    YEAR    MONTH   Tag_program  JPTP
1 2010 8
0 0 0 0 0 0 0 0 0 0.683881532601054 0 0 0 0.683881532601054 0 0 0 0 0 0 1.36776306520211 8.8904599238137 36.9296027604569 17.7809198476274 13.6776306520211 10.9421045216169 6.83881532601054 3.41940766300527 2.05164459780316 1.36776306520211 3.41940766300527 7.5226968586116 8.20657839121265 12.309867586819 9.57434145641476 2.05164459780316 0 0 0 0.683881532601054 0.683881532601054 0 0 0 0 0 0 0 0.683881532601054 1.36776306520211 2.05164459780316 0 0.683881532601054 0 0 0 0 0 0 0 0 0 0 0 0 0 0 0 0 0 0 0 0 0 0 0 0 0 0 0 0 0 0 0 0 0 0 0 0 0 0 0 0 0 0

#
#
# LENGTH RELEASE    FISHERY    RECAP YEAR    RECAP MONTH    NUMBER
50 12 2010 8 1
52 13 2011 8 1
54 1 2011 11 1
54 1 2013 2 1
54 12 2010 8 1
54 13 2010 8 1
54 13 2011 5 3
56 1 2011 2 1
56 12 2011 5 1
56 12 2011 8 1
56 13 2011 8 1
56 13 2012 2 1
56 13 2012 8 1
58 12 2012 5 1
58 13 2011 8 1
62 1 2012 2 1
66 1 2011 2 1
72 12 2010 8 1
76 1 2012 11 1
76 12 2011 5 1
76 12 2011 8 1
76 13 2011 5 1
#
#
#---------------------------------
#  71 - RELEASE REGION    YEAR    MONTH   Tag_program  JPTP
1 2010 11
0 0 0 0 0 0 0 0 0 3.07746689670474 7.69366724176186 6.92430051758567 1.53873344835237 0.769366724176186 3.84683362088093 3.07746689670474 0 0 0.769366724176186 0 0 0 0 0 0 0 0 0 0 0 0 0 0 0 0 0 0 0 0 0 0 0 0 0 0 0 0 0 0 0 0 0 0 0 0 0 0 0 0 0 0 0 0 0 0 0 0 0 0 0 0 0 0 0 0 0 0 0 0 0 0 0 0 0 0 0 0 0 0 0 0 0 0 0 0
#
#
#---------------------------------
#  72 - RELEASE REGION    YEAR    MONTH   Tag_program  JPTP
1 2012 2
0 0 0 0 0 0 0 0 0 0 0 0 0.512911149450791 0 0 1.02582229890158 6.15493379340949 7.18075609231107 7.69366724176186 4.10328919560633 2.05164459780316 1.02582229890158 0.512911149450791 0 0.512911149450791 0 0 0 0 0 0 0 0 0 0 0 0 0 0 0 0 0 0 0 0 0 0 0 0 0 0 0 0 0 0 0 0 0 0 0 0 0 0 0 0 0 0 0 0 0 0 0 0 0 0 0 0 0 0 0 0 0 0 0 0 0 0 0 0 0 0 0 0 0 0
#
#
#---------------------------------
#  73 - RELEASE REGION    YEAR    MONTH   Tag_program  JPTP
1 2012 5
0 0 0 0 0 0 0 0 0 0 0 0 0 0 0 0 0.769366724176186 6.15493379340949 22.3116350011094 17.6954346560523 1.53873344835237 2.30810017252856 0 0 0 0 0 0 0 0 0 0 0 0 0 0 0 0 0 0 0 0 0 0 0 0 0 0 0 0 0 0 0 0 0 0 0 0 0 0 0 0 0 0 0 0 0 0 0 0 0 0 0 0 0 0 0 0 0 0 0 0 0 0 0 0 0 0 0 0 0 0 0 0 0

#
#
# LENGTH RELEASE    FISHERY    RECAP YEAR    RECAP MONTH    NUMBER
46 13 2012 5 1
46 13 2012 8 1
46 13 2013 5 1
48 13 2013 5 2
50 12 2012 8 1
#
#
#---------------------------------
#  74 - RELEASE REGION    YEAR    MONTH   Tag_program  JPTP
1 2016 5
0 0 0 0 0 0 0 0 0 0 0 0 0 0 0 0 0 2.30810017252856 0 0.769366724176186 0.769366724176186 0.769366724176186 4.61620034505712 0.769366724176186 0 0 0 0 0 0 0 0 0 0 0 0 0 0 0 0 0 0 0 0 0 0 0 0 0 0 0 0 0 0 0 0 0 0 0 0 0 0 0 0 0 0 0 0 0 0 0 0 0 0 0 0 0 0 0 0 0 0 0 0 0 0 0 0 0 0 0 0 0 0 0

#
#
# LENGTH RELEASE    FISHERY    RECAP YEAR    RECAP MONTH    NUMBER
44 13 2016 8 1
54 12 2016 8 1
#
#
#---------------------------------
#  75 - RELEASE REGION    YEAR    MONTH   Tag_program  JPTP
1 2017 2
0 0 0 0 0 0 0 0 0 0 0 0 0 0 0 0 0 0 4.61620034505712 2.30810017252856 6.15493379340949 6.92430051758567 3.07746689670474 0.769366724176186 0 0 0 0 0 0 0 0 0 0 0 0 0 0 0 0 0 0 0 0 0 0 0 0 0 0 0 0 0 0 0 0 0 0 0 0 0 0 0 0 0 0 0 0 0 0 0 0 0 0 0 0 0 0 0 0 0 0 0 0 0 0 0 0 0 0 0 0 0 0 0

#
#
# LENGTH RELEASE    FISHERY    RECAP YEAR    RECAP MONTH    NUMBER
52 13 2017 8 1
